0 0 0.000000
1 4 0.250000
2 8 0.250000
3 12 0.250000
4 16 0.250000
5 20 0.250000
6 24 0.250000
7 28 0.250000
8 32 0.250000
9 36 0.250000
10 40 0.250000
11 44 0.250000
12 48 0.250000
13 52 0.250000
14 56 0.250000
15 60 0.250000
16 64 0.250000
17 68 0.250000
18 72 0.250000
19 76 0.250000
20 80 0.250000
21 84 0.250000
22 88 0.250000
23 92 0.250000
24 96 0.250000
25 100 0.250000
26 104 0.250000
27 108 0.250000
28 112 0.250000
29 116 0.250000
30 120 0.250000
31 124 0.250000
32 128 0.250000
33 132 0.250000
34 136 0.250000
35 140 0.250000
36 144 0.250000
37 148 0.250000
38 152 0.250000
39 156 0.250000
40 160 0.250000
41 164 0.250000
42 168 0.250000
43 172 0.250000
44 176 0.250000
45 180 0.250000
46 184 0.250000
47 188 0.250000
48 192 0.250000
49 196 0.250000
50 200 0.250000
51 204 0.250000
52 208 0.250000
53 212 0.250000
54 216 0.250000
55 220 0.250000
56 224 0.250000
57 228 0.250000
58 232 0.250000
59 236 0.250000
60 240 0.250000
61 244 0.250000
62 248 0.250000
63 252 0.250000
64 256 0.250000
65 260 0.250000
66 264 0.250000
67 268 0.250000
68 272 0.250000
69 276 0.250000
70 280 0.250000
71 284 0.250000
72 288 0.250000
73 292 0.250000
74 296 0.250000
75 300 0.250000
76 304 0.250000
77 308 0.250000
78 312 0.250000
79 316 0.250000
80 320 0.250000
81 324 0.250000
82 328 0.250000
83 332 0.250000
84 336 0.250000
85 340 0.250000
86 344 0.250000
87 348 0.250000
88 352 0.250000
89 356 0.250000
90 360 0.250000
91 364 0.250000
92 368 0.250000
93 372 0.250000
94 376 0.250000
95 380 0.250000
96 384 0.250000
97 388 0.250000
98 392 0.250000
99 396 0.250000
100 400 0.250000
101 404 0.250000
102 408 0.250000
103 412 0.250000
104 416 0.250000
105 420 0.250000
106 424 0.250000
107 428 0.250000
108 432 0.250000
109 436 0.250000
110 440 0.250000
111 444 0.250000
112 448 0.250000
113 452 0.250000
114 456 0.250000
115 460 0.250000
116 464 0.250000
117 468 0.250000
118 472 0.250000
119 476 0.250000
120 480 0.250000
121 484 0.250000
122 488 0.250000
123 492 0.250000
124 496 0.250000
125 500 0.250000
126 504 0.250000
127 508 0.250000
128 512 0.250000
129 516 0.250000
130 520 0.250000
131 524 0.250000
132 528 0.250000
133 532 0.250000
134 536 0.250000
135 540 0.250000
136 544 0.250000
137 548 0.250000
138 552 0.250000
139 556 0.250000
140 560 0.250000
141 564 0.250000
142 568 0.250000
143 572 0.250000
144 576 0.250000
145 580 0.250000
146 584 0.250000
147 588 0.250000
148 592 0.250000
149 596 0.250000
150 600 0.250000
151 604 0.250000
152 608 0.250000
153 612 0.250000
154 616 0.250000
155 620 0.250000
156 624 0.250000
157 628 0.250000
158 632 0.250000
159 636 0.250000
160 640 0.250000
161 644 0.250000
162 648 0.250000
163 652 0.250000
164 656 0.250000
165 660 0.250000
166 664 0.250000
167 668 0.250000
168 672 0.250000
169 676 0.250000
170 680 0.250000
171 684 0.250000
172 688 0.250000
173 692 0.250000
174 696 0.250000
175 700 0.250000
176 704 0.250000
177 708 0.250000
178 712 0.250000
179 716 0.250000
180 720 0.250000
181 724 0.250000
182 728 0.250000
183 732 0.250000
184 736 0.250000
185 740 0.250000
186 744 0.250000
187 748 0.250000
188 752 0.250000
189 756 0.250000
190 760 0.250000
191 764 0.250000
192 768 0.250000
193 772 0.250000
194 776 0.250000
195 780 0.250000
196 784 0.250000
197 788 0.250000
198 792 0.250000
199 796 0.250000
200 800 0.250000
201 804 0.250000
202 808 0.250000
203 812 0.250000
204 816 0.250000
205 820 0.250000
206 824 0.250000
207 828 0.250000
208 832 0.250000
209 836 0.250000
210 840 0.250000
211 844 0.250000
212 848 0.250000
213 852 0.250000
214 856 0.250000
215 860 0.250000
216 864 0.250000
217 868 0.250000
218 872 0.250000
219 876 0.250000
220 880 0.250000
221 884 0.250000
222 888 0.250000
223 892 0.250000
224 896 0.250000
225 900 0.250000
226 904 0.250000
227 908 0.250000
228 912 0.250000
229 916 0.250000
230 920 0.250000
231 924 0.250000
232 928 0.250000
233 932 0.250000
234 936 0.250000
235 940 0.250000
236 944 0.250000
237 948 0.250000
238 952 0.250000
239 956 0.250000
240 960 0.250000
241 964 0.250000
242 968 0.250000
243 972 0.250000
244 976 0.250000
245 980 0.250000
246 984 0.250000
247 988 0.250000
248 992 0.250000
249 996 0.250000
250 1000 0.250000
251 1004 0.250000
252 1008 0.250000
253 1012 0.250000
254 1016 0.250000
255 1020 0.250000
256 1024 0.250000
257 1028 0.250000
258 1032 0.250000
259 1036 0.250000
260 1040 0.250000
261 1044 0.250000
262 1048 0.250000
263 1052 0.250000
264 1056 0.250000
265 1060 0.250000
266 1064 0.250000
267 1068 0.250000
268 1072 0.250000
269 1076 0.250000
270 1080 0.250000
271 1084 0.250000
272 1088 0.250000
273 1092 0.250000
274 1096 0.250000
275 1100 0.250000
276 1104 0.250000
277 1108 0.250000
278 1112 0.250000
279 1116 0.250000
280 1120 0.250000
281 1124 0.250000
282 1128 0.250000
283 1132 0.250000
284 1136 0.250000
285 1140 0.250000
286 1144 0.250000
287 1148 0.250000
288 1152 0.250000
289 1156 0.250000
290 1160 0.250000
291 1164 0.250000
292 1168 0.250000
293 1172 0.250000
294 1176 0.250000
295 1180 0.250000
296 1184 0.250000
297 1188 0.250000
298 1192 0.250000
299 1196 0.250000
300 1200 0.250000
301 1204 0.250000
302 1208 0.250000
303 1212 0.250000
304 1216 0.250000
305 1220 0.250000
306 1224 0.250000
307 1228 0.250000
308 1232 0.250000
309 1236 0.250000
310 1240 0.250000
311 1244 0.250000
312 1248 0.250000
313 1252 0.250000
314 1256 0.250000
315 1260 0.250000
316 1264 0.250000
317 1268 0.250000
318 1272 0.250000
319 1276 0.250000
320 1280 0.250000
321 1284 0.250000
322 1288 0.250000
323 1292 0.250000
324 1296 0.250000
325 1300 0.250000
326 1304 0.250000
327 1308 0.250000
328 1312 0.250000
329 1316 0.250000
330 1320 0.250000
331 1324 0.250000
332 1328 0.250000
333 1332 0.250000
334 1336 0.250000
335 1340 0.250000
336 1344 0.250000
337 1348 0.250000
338 1352 0.250000
339 1356 0.250000
340 1360 0.250000
341 1364 0.250000
342 1368 0.250000
343 1372 0.250000
344 1376 0.250000
345 1380 0.250000
346 1384 0.250000
347 1388 0.250000
348 1392 0.250000
349 1396 0.250000
350 1400 0.250000
351 1404 0.250000
352 1408 0.250000
353 1412 0.250000
354 1416 0.250000
355 1420 0.250000
356 1424 0.250000
357 1428 0.250000
358 1432 0.250000
359 1436 0.250000
360 1440 0.250000
361 1444 0.250000
362 1448 0.250000
363 1452 0.250000
364 1456 0.250000
365 1460 0.250000
366 1464 0.250000
367 1468 0.250000
368 1472 0.250000
369 1476 0.250000
370 1480 0.250000
371 1484 0.250000
372 1488 0.250000
373 1492 0.250000
374 1496 0.250000
375 1500 0.250000
376 1504 0.250000
377 1508 0.250000
378 1512 0.250000
379 1516 0.250000
380 1520 0.250000
381 1524 0.250000
382 1528 0.250000
383 1532 0.250000
384 1536 0.250000
385 1540 0.250000
386 1544 0.250000
387 1548 0.250000
388 1552 0.250000
389 1556 0.250000
390 1560 0.250000
391 1564 0.250000
392 1568 0.250000
393 1572 0.250000
394 1576 0.250000
395 1580 0.250000
396 1584 0.250000
397 1588 0.250000
398 1592 0.250000
399 1596 0.250000
400 1600 0.250000
401 1604 0.250000
402 1608 0.250000
403 1612 0.250000
404 1616 0.250000
405 1620 0.250000
406 1624 0.250000
407 1628 0.250000
408 1632 0.250000
409 1636 0.250000
410 1640 0.250000
411 1644 0.250000
412 1648 0.250000
413 1652 0.250000
414 1656 0.250000
415 1660 0.250000
416 1664 0.250000
417 1668 0.250000
418 1672 0.250000
419 1676 0.250000
420 1680 0.250000
421 1684 0.250000
422 1688 0.250000
423 1692 0.250000
424 1696 0.250000
425 1700 0.250000
426 1704 0.250000
427 1708 0.250000
428 1712 0.250000
429 1716 0.250000
430 1720 0.250000
431 1724 0.250000
432 1728 0.250000
433 1732 0.250000
434 1736 0.250000
435 1740 0.250000
436 1744 0.250000
437 1748 0.250000
438 1752 0.250000
439 1756 0.250000
440 1760 0.250000
441 1764 0.250000
442 1768 0.250000
443 1772 0.250000
444 1776 0.250000
445 1780 0.250000
446 1784 0.250000
447 1788 0.250000
448 1792 0.250000
449 1796 0.250000
450 1800 0.250000
451 1804 0.250000
452 1808 0.250000
453 1812 0.250000
454 1816 0.250000
455 1820 0.250000
456 1824 0.250000
457 1828 0.250000
458 1832 0.250000
459 1836 0.250000
460 1840 0.250000
461 1844 0.250000
462 1848 0.250000
463 1852 0.250000
464 1856 0.250000
465 1860 0.250000
466 1864 0.250000
467 1868 0.250000
468 1872 0.250000
469 1876 0.250000
470 1880 0.250000
471 1884 0.250000
472 1888 0.250000
473 1892 0.250000
474 1896 0.250000
475 1900 0.250000
476 1904 0.250000
477 1908 0.250000
478 1912 0.250000
479 1916 0.250000
480 1920 0.250000
481 1924 0.250000
482 1928 0.250000
483 1932 0.250000
484 1936 0.250000
485 1940 0.250000
486 1944 0.250000
487 1948 0.250000
488 1952 0.250000
489 1956 0.250000
490 1960 0.250000
491 1964 0.250000
492 1968 0.250000
493 1972 0.250000
494 1976 0.250000
495 1980 0.250000
496 1984 0.250000
497 1988 0.250000
498 1992 0.250000
499 1996 0.250000
500 2000 0.250000
501 2004 0.250000
502 2008 0.250000
503 2012 0.250000
504 2016 0.250000
505 2020 0.250000
506 2024 0.250000
507 2028 0.250000
508 2032 0.250000
509 2036 0.250000
510 2040 0.250000
511 2044 0.250000
512 2048 0.250000
513 2052 0.250000
514 2056 0.250000
515 2060 0.250000
516 2064 0.250000
517 2068 0.250000
518 2072 0.250000
519 2076 0.250000
520 2080 0.250000
521 2084 0.250000
522 2088 0.250000
523 2092 0.250000
524 2096 0.250000
525 2100 0.250000
526 2104 0.250000
527 2108 0.250000
528 2112 0.250000
529 2116 0.250000
530 2120 0.250000
531 2124 0.250000
532 2128 0.250000
533 2132 0.250000
534 2136 0.250000
535 2140 0.250000
536 2144 0.250000
537 2148 0.250000
538 2152 0.250000
539 2156 0.250000
540 2160 0.250000
541 2164 0.250000
542 2168 0.250000
543 2172 0.250000
544 2176 0.250000
545 2180 0.250000
546 2184 0.250000
547 2188 0.250000
548 2192 0.250000
549 2196 0.250000
550 2200 0.250000
551 2204 0.250000
552 2208 0.250000
553 2212 0.250000
554 2216 0.250000
555 2220 0.250000
556 2224 0.250000
557 2228 0.250000
558 2232 0.250000
559 2236 0.250000
560 2240 0.250000
561 2244 0.250000
562 2248 0.250000
563 2252 0.250000
564 2256 0.250000
565 2260 0.250000
566 2264 0.250000
567 2268 0.250000
568 2272 0.250000
569 2276 0.250000
570 2280 0.250000
571 2284 0.250000
572 2288 0.250000
573 2292 0.250000
574 2296 0.250000
575 2300 0.250000
576 2304 0.250000
577 2308 0.250000
578 2312 0.250000
579 2316 0.250000
580 2320 0.250000
581 2324 0.250000
582 2328 0.250000
583 2332 0.250000
584 2336 0.250000
585 2340 0.250000
586 2344 0.250000
587 2348 0.250000
588 2352 0.250000
589 2356 0.250000
590 2360 0.250000
591 2364 0.250000
592 2368 0.250000
593 2372 0.250000
594 2376 0.250000
595 2380 0.250000
596 2384 0.250000
597 2388 0.250000
598 2392 0.250000
599 2396 0.250000
600 2400 0.250000
601 2404 0.250000
602 2408 0.250000
603 2412 0.250000
604 2416 0.250000
605 2420 0.250000
606 2424 0.250000
607 2428 0.250000
608 2432 0.250000
609 2436 0.250000
610 2440 0.250000
611 2444 0.250000
612 2448 0.250000
613 2452 0.250000
614 2456 0.250000
615 2460 0.250000
616 2464 0.250000
617 2468 0.250000
618 2472 0.250000
619 2476 0.250000
620 2480 0.250000
621 2484 0.250000
622 2488 0.250000
623 2492 0.250000
624 2496 0.250000
625 2500 0.250000
626 2504 0.250000
627 2508 0.250000
628 2512 0.250000
629 2516 0.250000
630 2520 0.250000
631 2524 0.250000
632 2528 0.250000
633 2532 0.250000
634 2536 0.250000
635 2540 0.250000
636 2544 0.250000
637 2548 0.250000
638 2552 0.250000
639 2556 0.250000
640 2560 0.250000
641 2564 0.250000
642 2568 0.250000
643 2572 0.250000
644 2576 0.250000
645 2580 0.250000
646 2584 0.250000
647 2588 0.250000
648 2592 0.250000
649 2596 0.250000
650 2600 0.250000
651 2604 0.250000
652 2608 0.250000
653 2612 0.250000
654 2616 0.250000
655 2620 0.250000
656 2624 0.250000
657 2628 0.250000
658 2632 0.250000
659 2636 0.250000
660 2640 0.250000
661 2644 0.250000
662 2648 0.250000
663 2652 0.250000
664 2656 0.250000
665 2660 0.250000
666 2664 0.250000
667 2668 0.250000
668 2672 0.250000
669 2676 0.250000
670 2680 0.250000
671 2684 0.250000
672 2688 0.250000
673 2692 0.250000
674 2696 0.250000
675 2700 0.250000
676 2704 0.250000
677 2708 0.250000
678 2712 0.250000
679 2716 0.250000
680 2720 0.250000
681 2724 0.250000
682 2728 0.250000
683 2732 0.250000
684 2736 0.250000
685 2740 0.250000
686 2744 0.250000
687 2748 0.250000
688 2752 0.250000
689 2756 0.250000
690 2760 0.250000
691 2764 0.250000
692 2768 0.250000
693 2772 0.250000
694 2776 0.250000
695 2780 0.250000
696 2784 0.250000
697 2788 0.250000
698 2792 0.250000
699 2796 0.250000
700 2800 0.250000
701 2804 0.250000
702 2808 0.250000
703 2812 0.250000
704 2816 0.250000
705 2820 0.250000
706 2824 0.250000
707 2828 0.250000
708 2832 0.250000
709 2836 0.250000
710 2840 0.250000
711 2844 0.250000
712 2848 0.250000
713 2852 0.250000
714 2856 0.250000
715 2860 0.250000
716 2864 0.250000
717 2868 0.250000
718 2872 0.250000
719 2876 0.250000
720 2880 0.250000
721 2884 0.250000
722 2888 0.250000
723 2892 0.250000
724 2896 0.250000
725 2900 0.250000
726 2904 0.250000
727 2908 0.250000
728 2912 0.250000
729 2916 0.250000
730 2920 0.250000
731 2924 0.250000
732 2928 0.250000
733 2932 0.250000
734 2936 0.250000
735 2940 0.250000
736 2944 0.250000
737 2948 0.250000
738 2952 0.250000
739 2956 0.250000
740 2960 0.250000
741 2964 0.250000
742 2968 0.250000
743 2972 0.250000
744 2976 0.250000
745 2980 0.250000
746 2984 0.250000
747 2988 0.250000
748 2992 0.250000
749 2996 0.250000
750 3000 0.250000
751 3004 0.250000
752 3008 0.250000
753 3012 0.250000
754 3016 0.250000
755 3020 0.250000
756 3024 0.250000
757 3028 0.250000
758 3032 0.250000
759 3036 0.250000
760 3040 0.250000
761 3044 0.250000
762 3048 0.250000
763 3052 0.250000
764 3056 0.250000
765 3060 0.250000
766 3064 0.250000
767 3068 0.250000
768 3072 0.250000
769 3076 0.250000
770 3080 0.250000
771 3084 0.250000
772 3088 0.250000
773 3092 0.250000
774 3096 0.250000
775 3100 0.250000
776 3104 0.250000
777 3108 0.250000
778 3112 0.250000
779 3116 0.250000
780 3120 0.250000
781 3124 0.250000
782 3128 0.250000
783 3132 0.250000
784 3136 0.250000
785 3140 0.250000
786 3144 0.250000
787 3148 0.250000
788 3152 0.250000
789 3156 0.250000
790 3160 0.250000
791 3164 0.250000
792 3168 0.250000
793 3172 0.250000
794 3176 0.250000
795 3180 0.250000
796 3184 0.250000
797 3188 0.250000
798 3192 0.250000
799 3196 0.250000
800 3200 0.250000
801 3204 0.250000
802 3208 0.250000
803 3212 0.250000
804 3216 0.250000
805 3220 0.250000
806 3224 0.250000
807 3228 0.250000
808 3232 0.250000
809 3236 0.250000
810 3240 0.250000
811 3244 0.250000
812 3248 0.250000
813 3252 0.250000
814 3256 0.250000
815 3260 0.250000
816 3264 0.250000
817 3268 0.250000
818 3272 0.250000
819 3276 0.250000
820 3280 0.250000
821 3284 0.250000
822 3288 0.250000
823 3292 0.250000
824 3296 0.250000
825 3300 0.250000
826 3304 0.250000
827 3308 0.250000
828 3312 0.250000
829 3316 0.250000
830 3320 0.250000
831 3324 0.250000
832 3328 0.250000
833 3332 0.250000
834 3336 0.250000
835 3340 0.250000
836 3344 0.250000
837 3348 0.250000
838 3352 0.250000
839 3356 0.250000
840 3360 0.250000
841 3364 0.250000
842 3368 0.250000
843 3372 0.250000
844 3376 0.250000
845 3380 0.250000
846 3384 0.250000
847 3388 0.250000
848 3392 0.250000
849 3396 0.250000
850 3400 0.250000
851 3404 0.250000
852 3408 0.250000
853 3412 0.250000
854 3416 0.250000
855 3420 0.250000
856 3424 0.250000
857 3428 0.250000
858 3432 0.250000
859 3436 0.250000
860 3440 0.250000
861 3444 0.250000
862 3448 0.250000
863 3452 0.250000
864 3456 0.250000
865 3460 0.250000
866 3464 0.250000
867 3468 0.250000
868 3472 0.250000
869 3476 0.250000
870 3480 0.250000
871 3484 0.250000
872 3488 0.250000
873 3492 0.250000
874 3496 0.250000
875 3500 0.250000
876 3504 0.250000
877 3508 0.250000
878 3512 0.250000
879 3516 0.250000
880 3520 0.250000
881 3524 0.250000
882 3528 0.250000
883 3532 0.250000
884 3536 0.250000
885 3540 0.250000
886 3544 0.250000
887 3548 0.250000
888 3552 0.250000
889 3556 0.250000
890 3560 0.250000
891 3564 0.250000
892 3568 0.250000
893 3572 0.250000
894 3576 0.250000
895 3580 0.250000
896 3584 0.250000
897 3588 0.250000
898 3592 0.250000
899 3596 0.250000
900 3600 0.250000
901 3604 0.250000
902 3608 0.250000
903 3612 0.250000
904 3616 0.250000
905 3620 0.250000
906 3624 0.250000
907 3628 0.250000
908 3632 0.250000
909 3636 0.250000
910 3640 0.250000
911 3644 0.250000
912 3648 0.250000
913 3652 0.250000
914 3656 0.250000
915 3660 0.250000
916 3664 0.250000
917 3668 0.250000
918 3672 0.250000
919 3676 0.250000
920 3680 0.250000
921 3684 0.250000
922 3688 0.250000
923 3692 0.250000
924 3696 0.250000
925 3700 0.250000
926 3704 0.250000
927 3708 0.250000
928 3712 0.250000
929 3716 0.250000
930 3720 0.250000
931 3724 0.250000
932 3728 0.250000
933 3732 0.250000
934 3736 0.250000
935 3740 0.250000
936 3744 0.250000
937 3748 0.250000
938 3752 0.250000
939 3756 0.250000
940 3760 0.250000
941 3764 0.250000
942 3768 0.250000
943 3772 0.250000
944 3776 0.250000
945 3780 0.250000
946 3784 0.250000
947 3788 0.250000
948 3792 0.250000
949 3796 0.250000
950 3800 0.250000
951 3804 0.250000
952 3808 0.250000
953 3812 0.250000
954 3816 0.250000
955 3820 0.250000
956 3824 0.250000
957 3828 0.250000
958 3832 0.250000
959 3836 0.250000
960 3840 0.250000
961 3844 0.250000
962 3848 0.250000
963 3852 0.250000
964 3856 0.250000
965 3860 0.250000
966 3864 0.250000
967 3868 0.250000
968 3872 0.250000
969 3876 0.250000
970 3880 0.250000
971 3884 0.250000
972 3888 0.250000
973 3892 0.250000
974 3896 0.250000
975 3900 0.250000
976 3904 0.250000
977 3908 0.250000
978 3912 0.250000
979 3916 0.250000
980 3920 0.250000
981 3924 0.250000
982 3928 0.250000
983 3932 0.250000
984 3936 0.250000
985 3940 0.250000
986 3944 0.250000
987 3948 0.250000
988 3952 0.250000
989 3956 0.250000
990 3960 0.250000
991 3964 0.250000
992 3968 0.250000
993 3972 0.250000
994 3976 0.250000
995 3980 0.250000
996 3984 0.250000
997 3988 0.250000
998 3992 0.250000
999 3996 0.250000
1000 4000 0.250000
1001 4004 0.250000
1002 4008 0.250000
1003 4012 0.250000
1004 4016 0.250000
1005 4020 0.250000
1006 4024 0.250000
1007 4028 0.250000
1008 4032 0.250000
1009 4036 0.250000
1010 4040 0.250000
1011 4044 0.250000
1012 4048 0.250000
1013 4052 0.250000
1014 4056 0.250000
1015 4060 0.250000
1016 4064 0.250000
1017 4068 0.250000
1018 4072 0.250000
1019 4076 0.250000
1020 4080 0.250000
1021 4084 0.250000
1022 4088 0.250000
1023 4092 0.250000
1024 4096 0.250000
1025 4100 0.250000
1026 4104 0.250000
1027 4108 0.250000
1028 4112 0.250000
1029 4116 0.250000
1030 4120 0.250000
1031 4124 0.250000
1032 4128 0.250000
1033 4132 0.250000
1034 4136 0.250000
1035 4140 0.250000
1036 4144 0.250000
1037 4148 0.250000
1038 4152 0.250000
1039 4156 0.250000
1040 4160 0.250000
1041 4164 0.250000
1042 4168 0.250000
1043 4172 0.250000
1044 4176 0.250000
1045 4180 0.250000
1046 4184 0.250000
1047 4188 0.250000
1048 4192 0.250000
1049 4196 0.250000
1050 4200 0.250000
1051 4204 0.250000
1052 4208 0.250000
1053 4212 0.250000
1054 4216 0.250000
1055 4220 0.250000
1056 4224 0.250000
1057 4228 0.250000
1058 4232 0.250000
1059 4236 0.250000
1060 4240 0.250000
1061 4244 0.250000
1062 4248 0.250000
1063 4252 0.250000
1064 4256 0.250000
1065 4260 0.250000
1066 4264 0.250000
1067 4268 0.250000
1068 4272 0.250000
1069 4276 0.250000
1070 4280 0.250000
1071 4284 0.250000
1072 4288 0.250000
1073 4292 0.250000
1074 4296 0.250000
1075 4300 0.250000
1076 4304 0.250000
1077 4308 0.250000
1078 4312 0.250000
1079 4316 0.250000
1080 4320 0.250000
1081 4324 0.250000
1082 4328 0.250000
1083 4332 0.250000
1084 4336 0.250000
1085 4340 0.250000
1086 4344 0.250000
1087 4348 0.250000
1088 4352 0.250000
1089 4356 0.250000
1090 4360 0.250000
1091 4364 0.250000
1092 4368 0.250000
1093 4372 0.250000
1094 4376 0.250000
1095 4380 0.250000
1096 4384 0.250000
1097 4388 0.250000
1098 4392 0.250000
1099 4396 0.250000
1100 4400 0.250000
1101 4404 0.250000
1102 4408 0.250000
1103 4412 0.250000
1104 4416 0.250000
1105 4420 0.250000
1106 4424 0.250000
1107 4428 0.250000
1108 4432 0.250000
1109 4436 0.250000
1110 4440 0.250000
1111 4444 0.250000
1112 4448 0.250000
1113 4452 0.250000
1114 4456 0.250000
1115 4460 0.250000
1116 4464 0.250000
1117 4468 0.250000
1118 4472 0.250000
1119 4476 0.250000
1120 4480 0.250000
1121 4484 0.250000
1122 4488 0.250000
1123 4492 0.250000
1124 4496 0.250000
1125 4500 0.250000
1126 4504 0.250000
1127 4508 0.250000
1128 4512 0.250000
1129 4516 0.250000
1130 4520 0.250000
1131 4524 0.250000
1132 4528 0.250000
1133 4532 0.250000
1134 4536 0.250000
1135 4540 0.250000
1136 4544 0.250000
1137 4548 0.250000
1138 4552 0.250000
1139 4556 0.250000
1140 4560 0.250000
1141 4564 0.250000
1142 4568 0.250000
1143 4572 0.250000
1144 4576 0.250000
1145 4580 0.250000
1146 4584 0.250000
1147 4588 0.250000
1148 4592 0.250000
1149 4596 0.250000
1150 4600 0.250000
1151 4604 0.250000
1152 4608 0.250000
1153 4612 0.250000
1154 4616 0.250000
1155 4620 0.250000
1156 4624 0.250000
1157 4628 0.250000
1158 4632 0.250000
1159 4636 0.250000
1160 4640 0.250000
1161 4644 0.250000
1162 4648 0.250000
1163 4652 0.250000
1164 4656 0.250000
1165 4660 0.250000
1166 4664 0.250000
1167 4668 0.250000
1168 4672 0.250000
1169 4676 0.250000
1170 4680 0.250000
1171 4684 0.250000
1172 4688 0.250000
1173 4692 0.250000
1174 4696 0.250000
1175 4700 0.250000
1176 4704 0.250000
1177 4708 0.250000
1178 4712 0.250000
1179 4716 0.250000
1180 4720 0.250000
1181 4724 0.250000
1182 4728 0.250000
1183 4732 0.250000
1184 4736 0.250000
1185 4740 0.250000
1186 4744 0.250000
1187 4748 0.250000
1188 4752 0.250000
1189 4756 0.250000
1190 4760 0.250000
1191 4764 0.250000
1192 4768 0.250000
1193 4772 0.250000
1194 4776 0.250000
1195 4780 0.250000
1196 4784 0.250000
1197 4788 0.250000
1198 4792 0.250000
1199 4796 0.250000
1200 4800 0.250000
1201 4804 0.250000
1202 4808 0.250000
1203 4812 0.250000
1204 4816 0.250000
1205 4820 0.250000
1206 4824 0.250000
1207 4828 0.250000
1208 4832 0.250000
1209 4836 0.250000
1210 4840 0.250000
1211 4844 0.250000
1212 4848 0.250000
1213 4852 0.250000
1214 4856 0.250000
1215 4860 0.250000
1216 4864 0.250000
1217 4868 0.250000
1218 4872 0.250000
1219 4876 0.250000
1220 4880 0.250000
1221 4884 0.250000
1222 4888 0.250000
1223 4892 0.250000
1224 4896 0.250000
1225 4900 0.250000
1226 4904 0.250000
1227 4908 0.250000
1228 4912 0.250000
1229 4916 0.250000
1230 4920 0.250000
1231 4924 0.250000
1232 4928 0.250000
1233 4932 0.250000
1234 4936 0.250000
1235 4940 0.250000
1236 4944 0.250000
1237 4948 0.250000
1238 4952 0.250000
1239 4956 0.250000
1240 4960 0.250000
1241 4964 0.250000
1242 4968 0.250000
1243 4972 0.250000
1244 4976 0.250000
1245 4980 0.250000
1246 4984 0.250000
1247 4988 0.250000
1248 4992 0.250000
1249 4996 0.250000
1250 5000 0.250000
1251 5004 0.250000
1252 5008 0.250000
1253 5012 0.250000
1254 5016 0.250000
1255 5020 0.250000
1256 5024 0.250000
1257 5028 0.250000
1258 5032 0.250000
1259 5036 0.250000
1260 5040 0.250000
1261 5044 0.250000
1262 5048 0.250000
1263 5052 0.250000
1264 5056 0.250000
1265 5060 0.250000
1266 5064 0.250000
1267 5068 0.250000
1268 5072 0.250000
1269 5076 0.250000
1270 5080 0.250000
1271 5084 0.250000
1272 5088 0.250000
1273 5092 0.250000
1274 5096 0.250000
1275 5100 0.250000
1276 5104 0.250000
1277 5108 0.250000
1278 5112 0.250000
1279 5116 0.250000
1280 5120 0.250000
1281 5124 0.250000
1282 5128 0.250000
1283 5132 0.250000
1284 5136 0.250000
1285 5140 0.250000
1286 5144 0.250000
1287 5148 0.250000
1288 5152 0.250000
1289 5156 0.250000
1290 5160 0.250000
1291 5164 0.250000
1292 5168 0.250000
1293 5172 0.250000
1294 5176 0.250000
1295 5180 0.250000
1296 5184 0.250000
1297 5188 0.250000
1298 5192 0.250000
1299 5196 0.250000
1300 5200 0.250000
1301 5204 0.250000
1302 5208 0.250000
1303 5212 0.250000
1304 5216 0.250000
1305 5220 0.250000
1306 5224 0.250000
1307 5228 0.250000
1308 5232 0.250000
1309 5236 0.250000
1310 5240 0.250000
1311 5244 0.250000
1312 5248 0.250000
1313 5252 0.250000
1314 5256 0.250000
1315 5260 0.250000
1316 5264 0.250000
1317 5268 0.250000
1318 5272 0.250000
1319 5276 0.250000
1320 5280 0.250000
1321 5284 0.250000
1322 5288 0.250000
1323 5292 0.250000
1324 5296 0.250000
1325 5300 0.250000
1326 5304 0.250000
1327 5308 0.250000
1328 5312 0.250000
1329 5316 0.250000
1330 5320 0.250000
1331 5324 0.250000
1332 5328 0.250000
1333 5332 0.250000
1334 5336 0.250000
1335 5340 0.250000
1336 5344 0.250000
1337 5348 0.250000
1338 5352 0.250000
1339 5356 0.250000
1340 5360 0.250000
1341 5364 0.250000
1342 5368 0.250000
1343 5372 0.250000
1344 5376 0.250000
1345 5380 0.250000
1346 5384 0.250000
1347 5388 0.250000
1348 5392 0.250000
1349 5396 0.250000
1350 5400 0.250000
1351 5404 0.250000
1352 5408 0.250000
1353 5412 0.250000
1354 5416 0.250000
1355 5420 0.250000
1356 5424 0.250000
1357 5428 0.250000
1358 5432 0.250000
1359 5436 0.250000
1360 5440 0.250000
1361 5444 0.250000
1362 5448 0.250000
1363 5452 0.250000
1364 5456 0.250000
1365 5460 0.250000
1366 5464 0.250000
1367 5468 0.250000
1368 5472 0.250000
1369 5476 0.250000
1370 5480 0.250000
1371 5484 0.250000
1372 5488 0.250000
1373 5492 0.250000
1374 5496 0.250000
1375 5500 0.250000
1376 5504 0.250000
1377 5508 0.250000
1378 5512 0.250000
1379 5516 0.250000
1380 5520 0.250000
1381 5524 0.250000
1382 5528 0.250000
1383 5532 0.250000
1384 5536 0.250000
1385 5540 0.250000
1386 5544 0.250000
1387 5548 0.250000
1388 5552 0.250000
1389 5556 0.250000
1390 5560 0.250000
1391 5564 0.250000
1392 5568 0.250000
1393 5572 0.250000
1394 5576 0.250000
1395 5580 0.250000
1396 5584 0.250000
1397 5588 0.250000
1398 5592 0.250000
1399 5596 0.250000
1400 5600 0.250000
1401 5604 0.250000
1402 5608 0.250000
1403 5612 0.250000
1404 5616 0.250000
1405 5620 0.250000
1406 5624 0.250000
1407 5628 0.250000
1408 5632 0.250000
1409 5636 0.250000
1410 5640 0.250000
1411 5644 0.250000
1412 5648 0.250000
1413 5652 0.250000
1414 5656 0.250000
1415 5660 0.250000
1416 5664 0.250000
1417 5668 0.250000
1418 5672 0.250000
1419 5676 0.250000
1420 5680 0.250000
1421 5684 0.250000
1422 5688 0.250000
1423 5692 0.250000
1424 5696 0.250000
1425 5700 0.250000
1426 5704 0.250000
1427 5708 0.250000
1428 5712 0.250000
1429 5716 0.250000
1430 5720 0.250000
1431 5724 0.250000
1432 5728 0.250000
1433 5732 0.250000
1434 5736 0.250000
1435 5740 0.250000
1436 5744 0.250000
1437 5748 0.250000
1438 5752 0.250000
1439 5756 0.250000
1440 5760 0.250000
1441 5764 0.250000
1442 5768 0.250000
1443 5772 0.250000
1444 5776 0.250000
1445 5780 0.250000
1446 5784 0.250000
1447 5788 0.250000
1448 5792 0.250000
1449 5796 0.250000
1450 5800 0.250000
1451 5804 0.250000
1452 5808 0.250000
1453 5812 0.250000
1454 5816 0.250000
1455 5820 0.250000
1456 5824 0.250000
1457 5828 0.250000
1458 5832 0.250000
1459 5836 0.250000
1460 5840 0.250000
1461 5844 0.250000
1462 5848 0.250000
1463 5852 0.250000
1464 5856 0.250000
1465 5860 0.250000
1466 5864 0.250000
1467 5868 0.250000
1468 5872 0.250000
1469 5876 0.250000
1470 5880 0.250000
1471 5884 0.250000
1472 5888 0.250000
1473 5892 0.250000
1474 5896 0.250000
1475 5900 0.250000
1476 5904 0.250000
1477 5908 0.250000
1478 5912 0.250000
1479 5916 0.250000
1480 5920 0.250000
1481 5924 0.250000
1482 5928 0.250000
1483 5932 0.250000
1484 5936 0.250000
1485 5940 0.250000
1486 5944 0.250000
1487 5948 0.250000
1488 5952 0.250000
1489 5956 0.250000
1490 5960 0.250000
1491 5964 0.250000
1492 5968 0.250000
1493 5972 0.250000
1494 5976 0.250000
1495 5980 0.250000
1496 5984 0.250000
1497 5988 0.250000
1498 5992 0.250000
1499 5996 0.250000
1500 6000 0.250000
1501 6004 0.250000
1502 6008 0.250000
1503 6012 0.250000
1504 6016 0.250000
1505 6020 0.250000
1506 6024 0.250000
1507 6028 0.250000
1508 6032 0.250000
1509 6036 0.250000
1510 6040 0.250000
1511 6044 0.250000
1512 6048 0.250000
1513 6052 0.250000
1514 6056 0.250000
1515 6060 0.250000
1516 6064 0.250000
1517 6068 0.250000
1518 6072 0.250000
1519 6076 0.250000
1520 6080 0.250000
1521 6084 0.250000
1522 6088 0.250000
1523 6092 0.250000
1524 6096 0.250000
1525 6100 0.250000
1526 6104 0.250000
1527 6108 0.250000
1528 6112 0.250000
1529 6116 0.250000
1530 6120 0.250000
1531 6124 0.250000
1532 6128 0.250000
1533 6132 0.250000
1534 6136 0.250000
1535 6140 0.250000
1536 6144 0.250000
1537 6148 0.250000
1538 6152 0.250000
1539 6156 0.250000
1540 6160 0.250000
1541 6164 0.250000
1542 6168 0.250000
1543 6172 0.250000
1544 6176 0.250000
1545 6180 0.250000
1546 6184 0.250000
1547 6188 0.250000
1548 6192 0.250000
1549 6196 0.250000
1550 6200 0.250000
1551 6204 0.250000
1552 6208 0.250000
1553 6212 0.250000
1554 6216 0.250000
1555 6220 0.250000
1556 6224 0.250000
1557 6228 0.250000
1558 6232 0.250000
1559 6236 0.250000
1560 6240 0.250000
1561 6244 0.250000
1562 6248 0.250000
1563 6252 0.250000
1564 6256 0.250000
1565 6260 0.250000
1566 6264 0.250000
1567 6268 0.250000
1568 6272 0.250000
1569 6276 0.250000
1570 6280 0.250000
1571 6284 0.250000
1572 6288 0.250000
1573 6292 0.250000
1574 6296 0.250000
1575 6300 0.250000
1576 6304 0.250000
1577 6308 0.250000
1578 6312 0.250000
1579 6316 0.250000
1580 6320 0.250000
1581 6324 0.250000
1582 6328 0.250000
1583 6332 0.250000
1584 6336 0.250000
1585 6340 0.250000
1586 6344 0.250000
1587 6348 0.250000
1588 6352 0.250000
1589 6356 0.250000
1590 6360 0.250000
1591 6364 0.250000
1592 6368 0.250000
1593 6372 0.250000
1594 6376 0.250000
1595 6380 0.250000
1596 6384 0.250000
1597 6388 0.250000
1598 6392 0.250000
1599 6396 0.250000
1600 6400 0.250000
1601 6404 0.250000
1602 6408 0.250000
1603 6412 0.250000
1604 6416 0.250000
1605 6420 0.250000
1606 6424 0.250000
1607 6428 0.250000
1608 6432 0.250000
1609 6436 0.250000
1610 6440 0.250000
1611 6444 0.250000
1612 6448 0.250000
1613 6452 0.250000
1614 6456 0.250000
1615 6460 0.250000
1616 6464 0.250000
1617 6468 0.250000
1618 6472 0.250000
1619 6476 0.250000
1620 6480 0.250000
1621 6484 0.250000
1622 6488 0.250000
1623 6492 0.250000
1624 6496 0.250000
1625 6500 0.250000
1626 6504 0.250000
1627 6508 0.250000
1628 6512 0.250000
1629 6516 0.250000
1630 6520 0.250000
1631 6524 0.250000
1632 6528 0.250000
1633 6532 0.250000
1634 6536 0.250000
1635 6540 0.250000
1636 6544 0.250000
1637 6548 0.250000
1638 6552 0.250000
1639 6556 0.250000
1640 6560 0.250000
1641 6564 0.250000
1642 6568 0.250000
1643 6572 0.250000
1644 6576 0.250000
1645 6580 0.250000
1646 6584 0.250000
1647 6588 0.250000
1648 6592 0.250000
1649 6596 0.250000
1650 6600 0.250000
1651 6604 0.250000
1652 6608 0.250000
1653 6612 0.250000
1654 6616 0.250000
1655 6620 0.250000
1656 6624 0.250000
1657 6628 0.250000
1658 6632 0.250000
1659 6636 0.250000
1660 6640 0.250000
1661 6644 0.250000
1662 6648 0.250000
1663 6652 0.250000
1664 6656 0.250000
1665 6660 0.250000
1666 6664 0.250000
1667 6668 0.250000
1668 6672 0.250000
1669 6676 0.250000
1670 6680 0.250000
1671 6684 0.250000
1672 6688 0.250000
1673 6692 0.250000
1674 6696 0.250000
1675 6700 0.250000
1676 6704 0.250000
1677 6708 0.250000
1678 6712 0.250000
1679 6716 0.250000
1680 6720 0.250000
1681 6724 0.250000
1682 6728 0.250000
1683 6732 0.250000
1684 6736 0.250000
1685 6740 0.250000
1686 6744 0.250000
1687 6748 0.250000
1688 6752 0.250000
1689 6756 0.250000
1690 6760 0.250000
1691 6764 0.250000
1692 6768 0.250000
1693 6772 0.250000
1694 6776 0.250000
1695 6780 0.250000
1696 6784 0.250000
1697 6788 0.250000
1698 6792 0.250000
1699 6796 0.250000
1700 6800 0.250000
1701 6804 0.250000
1702 6808 0.250000
1703 6812 0.250000
1704 6816 0.250000
1705 6820 0.250000
1706 6824 0.250000
1707 6828 0.250000
1708 6832 0.250000
1709 6836 0.250000
1710 6840 0.250000
1711 6844 0.250000
1712 6848 0.250000
1713 6852 0.250000
1714 6856 0.250000
1715 6860 0.250000
1716 6864 0.250000
1717 6868 0.250000
1718 6872 0.250000
1719 6876 0.250000
1720 6880 0.250000
1721 6884 0.250000
1722 6888 0.250000
1723 6892 0.250000
1724 6896 0.250000
1725 6900 0.250000
1726 6904 0.250000
1727 6908 0.250000
1728 6912 0.250000
1729 6916 0.250000
1730 6920 0.250000
1731 6924 0.250000
1732 6928 0.250000
1733 6932 0.250000
1734 6936 0.250000
1735 6940 0.250000
1736 6944 0.250000
1737 6948 0.250000
1738 6952 0.250000
1739 6956 0.250000
1740 6960 0.250000
1741 6964 0.250000
1742 6968 0.250000
1743 6972 0.250000
1744 6976 0.250000
1745 6980 0.250000
1746 6984 0.250000
1747 6988 0.250000
1748 6992 0.250000
1749 6996 0.250000
1750 7000 0.250000
1751 7004 0.250000
1752 7008 0.250000
1753 7012 0.250000
1754 7016 0.250000
1755 7020 0.250000
1756 7024 0.250000
1757 7028 0.250000
1758 7032 0.250000
1759 7036 0.250000
1760 7040 0.250000
1761 7044 0.250000
1762 7048 0.250000
1763 7052 0.250000
1764 7056 0.250000
1765 7060 0.250000
1766 7064 0.250000
1767 7068 0.250000
1768 7072 0.250000
1769 7076 0.250000
1770 7080 0.250000
1771 7084 0.250000
1772 7088 0.250000
1773 7092 0.250000
1774 7096 0.250000
1775 7100 0.250000
1776 7104 0.250000
1777 7108 0.250000
1778 7112 0.250000
1779 7116 0.250000
1780 7120 0.250000
1781 7124 0.250000
1782 7128 0.250000
1783 7132 0.250000
1784 7136 0.250000
1785 7140 0.250000
1786 7144 0.250000
1787 7148 0.250000
1788 7152 0.250000
1789 7156 0.250000
1790 7160 0.250000
1791 7164 0.250000
1792 7168 0.250000
1793 7172 0.250000
1794 7176 0.250000
1795 7180 0.250000
1796 7184 0.250000
1797 7188 0.250000
1798 7192 0.250000
1799 7196 0.250000
1800 7200 0.250000
1801 7204 0.250000
1802 7208 0.250000
1803 7212 0.250000
1804 7216 0.250000
1805 7220 0.250000
1806 7224 0.250000
1807 7228 0.250000
1808 7232 0.250000
1809 7236 0.250000
1810 7240 0.250000
1811 7244 0.250000
1812 7248 0.250000
1813 7252 0.250000
1814 7256 0.250000
1815 7260 0.250000
1816 7264 0.250000
1817 7268 0.250000
1818 7272 0.250000
1819 7276 0.250000
1820 7280 0.250000
1821 7284 0.250000
1822 7288 0.250000
1823 7292 0.250000
1824 7296 0.250000
1825 7300 0.250000
1826 7304 0.250000
1827 7308 0.250000
1828 7312 0.250000
1829 7316 0.250000
1830 7320 0.250000
1831 7324 0.250000
1832 7328 0.250000
1833 7332 0.250000
1834 7336 0.250000
1835 7340 0.250000
1836 7344 0.250000
1837 7348 0.250000
1838 7352 0.250000
1839 7356 0.250000
1840 7360 0.250000
1841 7364 0.250000
1842 7368 0.250000
1843 7372 0.250000
1844 7376 0.250000
1845 7380 0.250000
1846 7384 0.250000
1847 7388 0.250000
1848 7392 0.250000
1849 7396 0.250000
1850 7400 0.250000
1851 7404 0.250000
1852 7408 0.250000
1853 7412 0.250000
1854 7416 0.250000
1855 7420 0.250000
1856 7424 0.250000
1857 7428 0.250000
1858 7432 0.250000
1859 7436 0.250000
1860 7440 0.250000
1861 7444 0.250000
1862 7448 0.250000
1863 7452 0.250000
1864 7456 0.250000
1865 7460 0.250000
1866 7464 0.250000
1867 7468 0.250000
1868 7472 0.250000
1869 7476 0.250000
1870 7480 0.250000
1871 7484 0.250000
1872 7488 0.250000
1873 7492 0.250000
1874 7496 0.250000
1875 7500 0.250000
1876 7504 0.250000
1877 7508 0.250000
1878 7512 0.250000
1879 7516 0.250000
1880 7520 0.250000
1881 7524 0.250000
1882 7528 0.250000
1883 7532 0.250000
1884 7536 0.250000
1885 7540 0.250000
1886 7544 0.250000
1887 7548 0.250000
1888 7552 0.250000
1889 7556 0.250000
1890 7560 0.250000
1891 7564 0.250000
1892 7568 0.250000
1893 7572 0.250000
1894 7576 0.250000
1895 7580 0.250000
1896 7584 0.250000
1897 7588 0.250000
1898 7592 0.250000
1899 7596 0.250000
1900 7600 0.250000
1901 7604 0.250000
1902 7608 0.250000
1903 7612 0.250000
1904 7616 0.250000
1905 7620 0.250000
1906 7624 0.250000
1907 7628 0.250000
1908 7632 0.250000
1909 7636 0.250000
1910 7640 0.250000
1911 7644 0.250000
1912 7648 0.250000
1913 7652 0.250000
1914 7656 0.250000
1915 7660 0.250000
1916 7664 0.250000
1917 7668 0.250000
1918 7672 0.250000
1919 7676 0.250000
1920 7680 0.250000
1921 7684 0.250000
1922 7688 0.250000
1923 7692 0.250000
1924 7696 0.250000
1925 7700 0.250000
1926 7704 0.250000
1927 7708 0.250000
1928 7712 0.250000
1929 7716 0.250000
1930 7720 0.250000
1931 7724 0.250000
1932 7728 0.250000
1933 7732 0.250000
1934 7736 0.250000
1935 7740 0.250000
1936 7744 0.250000
1937 7748 0.250000
1938 7752 0.250000
1939 7756 0.250000
1940 7760 0.250000
1941 7764 0.250000
1942 7768 0.250000
1943 7772 0.250000
1944 7776 0.250000
1945 7780 0.250000
1946 7784 0.250000
1947 7788 0.250000
1948 7792 0.250000
1949 7796 0.250000
1950 7800 0.250000
1951 7804 0.250000
1952 7808 0.250000
1953 7812 0.250000
1954 7816 0.250000
1955 7820 0.250000
1956 7824 0.250000
1957 7828 0.250000
1958 7832 0.250000
1959 7836 0.250000
1960 7840 0.250000
1961 7844 0.250000
1962 7848 0.250000
1963 7852 0.250000
1964 7856 0.250000
1965 7860 0.250000
1966 7864 0.250000
1967 7868 0.250000
1968 7872 0.250000
1969 7876 0.250000
1970 7880 0.250000
1971 7884 0.250000
1972 7888 0.250000
1973 7892 0.250000
1974 7896 0.250000
1975 7900 0.250000
1976 7904 0.250000
1977 7908 0.250000
1978 7912 0.250000
1979 7916 0.250000
1980 7920 0.250000
1981 7924 0.250000
1982 7928 0.250000
1983 7932 0.250000
1984 7936 0.250000
1985 7940 0.250000
1986 7944 0.250000
1987 7948 0.250000
1988 7952 0.250000
1989 7956 0.250000
1990 7960 0.250000
1991 7964 0.250000
1992 7968 0.250000
1993 7972 0.250000
1994 7976 0.250000
1995 7980 0.250000
1996 7984 0.250000
1997 7988 0.250000
1998 7992 0.250000
1999 7996 0.250000
2000 8000 0.250000
2001 8004 0.250000
2002 8008 0.250000
2003 8012 0.250000
2004 8016 0.250000
2005 8020 0.250000
2006 8024 0.250000
2007 8028 0.250000
2008 8032 0.250000
2009 8036 0.250000
2010 8040 0.250000
2011 8044 0.250000
2012 8048 0.250000
2013 8052 0.250000
2014 8056 0.250000
2015 8060 0.250000
2016 8064 0.250000
2017 8068 0.250000
2018 8072 0.250000
2019 8076 0.250000
2020 8080 0.250000
2021 8084 0.250000
2022 8088 0.250000
2023 8092 0.250000
2024 8096 0.250000
2025 8100 0.250000
2026 8104 0.250000
2027 8108 0.250000
2028 8112 0.250000
2029 8116 0.250000
2030 8120 0.250000
2031 8124 0.250000
2032 8128 0.250000
2033 8132 0.250000
2034 8136 0.250000
2035 8140 0.250000
2036 8144 0.250000
2037 8148 0.250000
2038 8152 0.250000
2039 8156 0.250000
2040 8160 0.250000
2041 8164 0.250000
2042 8168 0.250000
2043 8172 0.250000
2044 8176 0.250000
2045 8180 0.250000
2046 8184 0.250000
2047 8188 0.250000
2048 8192 0.250000
2049 8196 0.250000
2050 8200 0.250000
2051 8204 0.250000
2052 8208 0.250000
2053 8212 0.250000
2054 8216 0.250000
2055 8220 0.250000
2056 8224 0.250000
2057 8228 0.250000
2058 8232 0.250000
2059 8236 0.250000
2060 8240 0.250000
2061 8244 0.250000
2062 8248 0.250000
2063 8252 0.250000
2064 8256 0.250000
2065 8260 0.250000
2066 8264 0.250000
2067 8268 0.250000
2068 8272 0.250000
2069 8276 0.250000
2070 8280 0.250000
2071 8284 0.250000
2072 8288 0.250000
2073 8292 0.250000
2074 8296 0.250000
2075 8300 0.250000
2076 8304 0.250000
2077 8308 0.250000
2078 8312 0.250000
2079 8316 0.250000
2080 8320 0.250000
2081 8324 0.250000
2082 8328 0.250000
2083 8332 0.250000
2084 8336 0.250000
2085 8340 0.250000
2086 8344 0.250000
2087 8348 0.250000
2088 8352 0.250000
2089 8356 0.250000
2090 8360 0.250000
2091 8364 0.250000
2092 8368 0.250000
2093 8372 0.250000
2094 8376 0.250000
2095 8380 0.250000
2096 8384 0.250000
2097 8388 0.250000
2098 8392 0.250000
2099 8396 0.250000
2100 8400 0.250000
2101 8404 0.250000
2102 8408 0.250000
2103 8412 0.250000
2104 8416 0.250000
2105 8420 0.250000
2106 8424 0.250000
2107 8428 0.250000
2108 8432 0.250000
2109 8436 0.250000
2110 8440 0.250000
2111 8444 0.250000
2112 8448 0.250000
2113 8452 0.250000
2114 8456 0.250000
2115 8460 0.250000
2116 8464 0.250000
2117 8468 0.250000
2118 8472 0.250000
2119 8476 0.250000
2120 8480 0.250000
2121 8484 0.250000
2122 8488 0.250000
2123 8492 0.250000
2124 8496 0.250000
2125 8500 0.250000
2126 8504 0.250000
2127 8508 0.250000
2128 8512 0.250000
2129 8516 0.250000
2130 8520 0.250000
2131 8524 0.250000
2132 8528 0.250000
2133 8532 0.250000
2134 8536 0.250000
2135 8540 0.250000
2136 8544 0.250000
2137 8548 0.250000
2138 8552 0.250000
2139 8556 0.250000
2140 8560 0.250000
2141 8564 0.250000
2142 8568 0.250000
2143 8572 0.250000
2144 8576 0.250000
2145 8580 0.250000
2146 8584 0.250000
2147 8588 0.250000
2148 8592 0.250000
2149 8596 0.250000
2150 8600 0.250000
2151 8604 0.250000
2152 8608 0.250000
2153 8612 0.250000
2154 8616 0.250000
2155 8620 0.250000
2156 8624 0.250000
2157 8628 0.250000
2158 8632 0.250000
2159 8636 0.250000
2160 8640 0.250000
2161 8644 0.250000
2162 8648 0.250000
2163 8652 0.250000
2164 8656 0.250000
2165 8660 0.250000
2166 8664 0.250000
2167 8668 0.250000
2168 8672 0.250000
2169 8676 0.250000
2170 8680 0.250000
2171 8684 0.250000
2172 8688 0.250000
2173 8692 0.250000
2174 8696 0.250000
2175 8700 0.250000
2176 8704 0.250000
2177 8708 0.250000
2178 8712 0.250000
2179 8716 0.250000
2180 8720 0.250000
2181 8724 0.250000
2182 8728 0.250000
2183 8732 0.250000
2184 8736 0.250000
2185 8740 0.250000
2186 8744 0.250000
2187 8748 0.250000
2188 8752 0.250000
2189 8756 0.250000
2190 8760 0.250000
2191 8764 0.250000
2192 8768 0.250000
2193 8772 0.250000
2194 8776 0.250000
2195 8780 0.250000
2196 8784 0.250000
2197 8788 0.250000
2198 8792 0.250000
2199 8796 0.250000
2200 8800 0.250000
2201 8804 0.250000
2202 8808 0.250000
2203 8812 0.250000
2204 8816 0.250000
2205 8820 0.250000
2206 8824 0.250000
2207 8828 0.250000
2208 8832 0.250000
2209 8836 0.250000
2210 8840 0.250000
2211 8844 0.250000
2212 8848 0.250000
2213 8852 0.250000
2214 8856 0.250000
2215 8860 0.250000
2216 8864 0.250000
2217 8868 0.250000
2218 8872 0.250000
2219 8876 0.250000
2220 8880 0.250000
2221 8884 0.250000
2222 8888 0.250000
2223 8892 0.250000
2224 8896 0.250000
2225 8900 0.250000
2226 8904 0.250000
2227 8908 0.250000
2228 8912 0.250000
2229 8916 0.250000
2230 8920 0.250000
2231 8924 0.250000
2232 8928 0.250000
2233 8932 0.250000
2234 8936 0.250000
2235 8940 0.250000
2236 8944 0.250000
2237 8948 0.250000
2238 8952 0.250000
2239 8956 0.250000
2240 8960 0.250000
2241 8964 0.250000
2242 8968 0.250000
2243 8972 0.250000
2244 8976 0.250000
2245 8980 0.250000
2246 8984 0.250000
2247 8988 0.250000
2248 8992 0.250000
2249 8996 0.250000
2250 9000 0.250000
2251 9004 0.250000
2252 9008 0.250000
2253 9012 0.250000
2254 9016 0.250000
2255 9020 0.250000
2256 9024 0.250000
2257 9028 0.250000
2258 9032 0.250000
2259 9036 0.250000
2260 9040 0.250000
2261 9044 0.250000
2262 9048 0.250000
2263 9052 0.250000
2264 9056 0.250000
2265 9060 0.250000
2266 9064 0.250000
2267 9068 0.250000
2268 9072 0.250000
2269 9076 0.250000
2270 9080 0.250000
2271 9084 0.250000
2272 9088 0.250000
2273 9092 0.250000
2274 9096 0.250000
2275 9100 0.250000
2276 9104 0.250000
2277 9108 0.250000
2278 9112 0.250000
2279 9116 0.250000
2280 9120 0.250000
2281 9124 0.250000
2282 9128 0.250000
2283 9132 0.250000
2284 9136 0.250000
2285 9140 0.250000
2286 9144 0.250000
2287 9148 0.250000
2288 9152 0.250000
2289 9156 0.250000
2290 9160 0.250000
2291 9164 0.250000
2292 9168 0.250000
2293 9172 0.250000
2294 9176 0.250000
2295 9180 0.250000
2296 9184 0.250000
2297 9188 0.250000
2298 9192 0.250000
2299 9196 0.250000
2300 9200 0.250000
2301 9204 0.250000
2302 9208 0.250000
2303 9212 0.250000
2304 9216 0.250000
2305 9220 0.250000
2306 9224 0.250000
2307 9228 0.250000
2308 9232 0.250000
2309 9236 0.250000
2310 9240 0.250000
2311 9244 0.250000
2312 9248 0.250000
2313 9252 0.250000
2314 9256 0.250000
2315 9260 0.250000
2316 9264 0.250000
2317 9268 0.250000
2318 9272 0.250000
2319 9276 0.250000
2320 9280 0.250000
2321 9284 0.250000
2322 9288 0.250000
2323 9292 0.250000
2324 9296 0.250000
2325 9300 0.250000
2326 9304 0.250000
2327 9308 0.250000
2328 9312 0.250000
2329 9316 0.250000
2330 9320 0.250000
2331 9324 0.250000
2332 9328 0.250000
2333 9332 0.250000
2334 9336 0.250000
2335 9340 0.250000
2336 9344 0.250000
2337 9348 0.250000
2338 9352 0.250000
2339 9356 0.250000
2340 9360 0.250000
2341 9364 0.250000
2342 9368 0.250000
2343 9372 0.250000
2344 9376 0.250000
2345 9380 0.250000
2346 9384 0.250000
2347 9388 0.250000
2348 9392 0.250000
2349 9396 0.250000
2350 9400 0.250000
2351 9404 0.250000
2352 9408 0.250000
2353 9412 0.250000
2354 9416 0.250000
2355 9420 0.250000
2356 9424 0.250000
2357 9428 0.250000
2358 9432 0.250000
2359 9436 0.250000
2360 9440 0.250000
2361 9444 0.250000
2362 9448 0.250000
2363 9452 0.250000
2364 9456 0.250000
2365 9460 0.250000
2366 9464 0.250000
2367 9468 0.250000
2368 9472 0.250000
2369 9476 0.250000
2370 9480 0.250000
2371 9484 0.250000
2372 9488 0.250000
2373 9492 0.250000
2374 9496 0.250000
2375 9500 0.250000
2376 9504 0.250000
2377 9508 0.250000
2378 9512 0.250000
2379 9516 0.250000
2380 9520 0.250000
2381 9524 0.250000
2382 9528 0.250000
2383 9532 0.250000
2384 9536 0.250000
2385 9540 0.250000
2386 9544 0.250000
2387 9548 0.250000
2388 9552 0.250000
2389 9556 0.250000
2390 9560 0.250000
2391 9564 0.250000
2392 9568 0.250000
2393 9572 0.250000
2394 9576 0.250000
2395 9580 0.250000
2396 9584 0.250000
2397 9588 0.250000
2398 9592 0.250000
2399 9596 0.250000
2400 9600 0.250000
2401 9604 0.250000
2402 9608 0.250000
2403 9612 0.250000
2404 9616 0.250000
2405 9620 0.250000
2406 9624 0.250000
2407 9628 0.250000
2408 9632 0.250000
2409 9636 0.250000
2410 9640 0.250000
2411 9644 0.250000
2412 9648 0.250000
2413 9652 0.250000
2414 9656 0.250000
2415 9660 0.250000
2416 9664 0.250000
2417 9668 0.250000
2418 9672 0.250000
2419 9676 0.250000
2420 9680 0.250000
2421 9684 0.250000
2422 9688 0.250000
2423 9692 0.250000
2424 9696 0.250000
2425 9700 0.250000
2426 9704 0.250000
2427 9708 0.250000
2428 9712 0.250000
2429 9716 0.250000
2430 9720 0.250000
2431 9724 0.250000
2432 9728 0.250000
2433 9732 0.250000
2434 9736 0.250000
2435 9740 0.250000
2436 9744 0.250000
2437 9748 0.250000
2438 9752 0.250000
2439 9756 0.250000
2440 9760 0.250000
2441 9764 0.250000
2442 9768 0.250000
2443 9772 0.250000
2444 9776 0.250000
2445 9780 0.250000
2446 9784 0.250000
2447 9788 0.250000
2448 9792 0.250000
2449 9796 0.250000
2450 9800 0.250000
2451 9804 0.250000
2452 9808 0.250000
2453 9812 0.250000
2454 9816 0.250000
2455 9820 0.250000
2456 9824 0.250000
2457 9828 0.250000
2458 9832 0.250000
2459 9836 0.250000
2460 9840 0.250000
2461 9844 0.250000
2462 9848 0.250000
2463 9852 0.250000
2464 9856 0.250000
2465 9860 0.250000
2466 9864 0.250000
2467 9868 0.250000
2468 9872 0.250000
2469 9876 0.250000
2470 9880 0.250000
2471 9884 0.250000
2472 9888 0.250000
2473 9892 0.250000
2474 9896 0.250000
2475 9900 0.250000
2476 9904 0.250000
2477 9908 0.250000
2478 9912 0.250000
2479 9916 0.250000
2480 9920 0.250000
2481 9924 0.250000
2482 9928 0.250000
2483 9932 0.250000
2484 9936 0.250000
2485 9940 0.250000
2486 9944 0.250000
2487 9948 0.250000
2488 9952 0.250000
2489 9956 0.250000
2490 9960 0.250000
2491 9964 0.250000
2492 9968 0.250000
2493 9972 0.250000
2494 9976 0.250000
2495 9980 0.250000
2496 9984 0.250000
2497 9988 0.250000
2498 9992 0.250000
2499 9996 0.250000
2500 10000 0.250000
2501 10004 0.250000
2502 10008 0.250000
2503 10012 0.250000
2504 10016 0.250000
2505 10020 0.250000
2506 10024 0.250000
2507 10028 0.250000
2508 10032 0.250000
2509 10036 0.250000
2510 10040 0.250000
2511 10044 0.250000
2512 10048 0.250000
2513 10052 0.250000
2514 10056 0.250000
2515 10060 0.250000
2516 10064 0.250000
2517 10068 0.250000
2518 10072 0.250000
2519 10076 0.250000
2520 10080 0.250000
2521 10084 0.250000
2522 10088 0.250000
2523 10092 0.250000
2524 10096 0.250000
2525 10100 0.250000
2526 10104 0.250000
2527 10108 0.250000
2528 10112 0.250000
2529 10116 0.250000
2530 10120 0.250000
2531 10124 0.250000
2532 10128 0.250000
2533 10132 0.250000
2534 10136 0.250000
2535 10140 0.250000
2536 10144 0.250000
2537 10148 0.250000
2538 10152 0.250000
2539 10156 0.250000
2540 10160 0.250000
2541 10164 0.250000
2542 10168 0.250000
2543 10172 0.250000
2544 10176 0.250000
2545 10180 0.250000
2546 10184 0.250000
2547 10188 0.250000
2548 10192 0.250000
2549 10196 0.250000
2550 10200 0.250000
2551 10204 0.250000
2552 10208 0.250000
2553 10212 0.250000
2554 10216 0.250000
2555 10220 0.250000
2556 10224 0.250000
2557 10228 0.250000
2558 10232 0.250000
2559 10236 0.250000
2560 10240 0.250000
2561 10244 0.250000
2562 10248 0.250000
2563 10252 0.250000
2564 10256 0.250000
2565 10260 0.250000
2566 10264 0.250000
2567 10268 0.250000
2568 10272 0.250000
2569 10276 0.250000
2570 10280 0.250000
2571 10284 0.250000
2572 10288 0.250000
2573 10292 0.250000
2574 10296 0.250000
2575 10300 0.250000
2576 10304 0.250000
2577 10308 0.250000
2578 10312 0.250000
2579 10316 0.250000
2580 10320 0.250000
2581 10324 0.250000
2582 10328 0.250000
2583 10332 0.250000
2584 10336 0.250000
2585 10340 0.250000
2586 10344 0.250000
2587 10348 0.250000
2588 10352 0.250000
2589 10356 0.250000
2590 10360 0.250000
2591 10364 0.250000
2592 10368 0.250000
2593 10372 0.250000
2594 10376 0.250000
2595 10380 0.250000
2596 10384 0.250000
2597 10388 0.250000
2598 10392 0.250000
2599 10396 0.250000
2600 10400 0.250000
2601 10404 0.250000
2602 10408 0.250000
2603 10412 0.250000
2604 10416 0.250000
2605 10420 0.250000
2606 10424 0.250000
2607 10428 0.250000
2608 10432 0.250000
2609 10436 0.250000
2610 10440 0.250000
2611 10444 0.250000
2612 10448 0.250000
2613 10452 0.250000
2614 10456 0.250000
2615 10460 0.250000
2616 10464 0.250000
2617 10468 0.250000
2618 10472 0.250000
2619 10476 0.250000
2620 10480 0.250000
2621 10484 0.250000
2622 10488 0.250000
2623 10492 0.250000
2624 10496 0.250000
2625 10500 0.250000
2626 10504 0.250000
2627 10508 0.250000
2628 10512 0.250000
2629 10516 0.250000
2630 10520 0.250000
2631 10524 0.250000
2632 10528 0.250000
2633 10532 0.250000
2634 10536 0.250000
2635 10540 0.250000
2636 10544 0.250000
2637 10548 0.250000
2638 10552 0.250000
2639 10556 0.250000
2640 10560 0.250000
2641 10564 0.250000
2642 10568 0.250000
2643 10572 0.250000
2644 10576 0.250000
2645 10580 0.250000
2646 10584 0.250000
2647 10588 0.250000
2648 10592 0.250000
2649 10596 0.250000
2650 10600 0.250000
2651 10604 0.250000
2652 10608 0.250000
2653 10612 0.250000
2654 10616 0.250000
2655 10620 0.250000
2656 10624 0.250000
2657 10628 0.250000
2658 10632 0.250000
2659 10636 0.250000
2660 10640 0.250000
2661 10644 0.250000
2662 10648 0.250000
2663 10652 0.250000
2664 10656 0.250000
2665 10660 0.250000
2666 10664 0.250000
2667 10668 0.250000
2668 10672 0.250000
2669 10676 0.250000
2670 10680 0.250000
2671 10684 0.250000
2672 10688 0.250000
2673 10692 0.250000
2674 10696 0.250000
2675 10700 0.250000
2676 10704 0.250000
2677 10708 0.250000
2678 10712 0.250000
2679 10716 0.250000
2680 10720 0.250000
2681 10724 0.250000
2682 10728 0.250000
2683 10732 0.250000
2684 10736 0.250000
2685 10740 0.250000
2686 10744 0.250000
2687 10748 0.250000
2688 10752 0.250000
2689 10756 0.250000
2690 10760 0.250000
2691 10764 0.250000
2692 10768 0.250000
2693 10772 0.250000
2694 10776 0.250000
2695 10780 0.250000
2696 10784 0.250000
2697 10788 0.250000
2698 10792 0.250000
2699 10796 0.250000
2700 10800 0.250000
2701 10804 0.250000
2702 10808 0.250000
2703 10812 0.250000
2704 10816 0.250000
2705 10820 0.250000
2706 10824 0.250000
2707 10828 0.250000
2708 10832 0.250000
2709 10836 0.250000
2710 10840 0.250000
2711 10844 0.250000
2712 10848 0.250000
2713 10852 0.250000
2714 10856 0.250000
2715 10860 0.250000
2716 10864 0.250000
2717 10868 0.250000
2718 10872 0.250000
2719 10876 0.250000
2720 10880 0.250000
2721 10884 0.250000
2722 10888 0.250000
2723 10892 0.250000
2724 10896 0.250000
2725 10900 0.250000
2726 10904 0.250000
2727 10908 0.250000
2728 10912 0.250000
2729 10916 0.250000
2730 10920 0.250000
2731 10924 0.250000
2732 10928 0.250000
2733 10932 0.250000
2734 10936 0.250000
2735 10940 0.250000
2736 10944 0.250000
2737 10948 0.250000
2738 10952 0.250000
2739 10956 0.250000
2740 10960 0.250000
2741 10964 0.250000
2742 10968 0.250000
2743 10972 0.250000
2744 10976 0.250000
2745 10980 0.250000
2746 10984 0.250000
2747 10988 0.250000
2748 10992 0.250000
2749 10996 0.250000
2750 11000 0.250000
2751 11004 0.250000
2752 11008 0.250000
2753 11012 0.250000
2754 11016 0.250000
2755 11020 0.250000
2756 11024 0.250000
2757 11028 0.250000
2758 11032 0.250000
2759 11036 0.250000
2760 11040 0.250000
2761 11044 0.250000
2762 11048 0.250000
2763 11052 0.250000
2764 11056 0.250000
2765 11060 0.250000
2766 11064 0.250000
2767 11068 0.250000
2768 11072 0.250000
2769 11076 0.250000
2770 11080 0.250000
2771 11084 0.250000
2772 11088 0.250000
2773 11092 0.250000
2774 11096 0.250000
2775 11100 0.250000
2776 11104 0.250000
2777 11108 0.250000
2778 11112 0.250000
2779 11116 0.250000
2780 11120 0.250000
2781 11124 0.250000
2782 11128 0.250000
2783 11132 0.250000
2784 11136 0.250000
2785 11140 0.250000
2786 11144 0.250000
2787 11148 0.250000
2788 11152 0.250000
2789 11156 0.250000
2790 11160 0.250000
2791 11164 0.250000
2792 11168 0.250000
2793 11172 0.250000
2794 11176 0.250000
2795 11180 0.250000
2796 11184 0.250000
2797 11188 0.250000
2798 11192 0.250000
2799 11196 0.250000
2800 11200 0.250000
2801 11204 0.250000
2802 11208 0.250000
2803 11212 0.250000
2804 11216 0.250000
2805 11220 0.250000
2806 11224 0.250000
2807 11228 0.250000
2808 11232 0.250000
2809 11236 0.250000
2810 11240 0.250000
2811 11244 0.250000
2812 11248 0.250000
2813 11252 0.250000
2814 11256 0.250000
2815 11260 0.250000
2816 11264 0.250000
2817 11268 0.250000
2818 11272 0.250000
2819 11276 0.250000
2820 11280 0.250000
2821 11284 0.250000
2822 11288 0.250000
2823 11292 0.250000
2824 11296 0.250000
2825 11300 0.250000
2826 11304 0.250000
2827 11308 0.250000
2828 11312 0.250000
2829 11316 0.250000
2830 11320 0.250000
2831 11324 0.250000
2832 11328 0.250000
2833 11332 0.250000
2834 11336 0.250000
2835 11340 0.250000
2836 11344 0.250000
2837 11348 0.250000
2838 11352 0.250000
2839 11356 0.250000
2840 11360 0.250000
2841 11364 0.250000
2842 11368 0.250000
2843 11372 0.250000
2844 11376 0.250000
2845 11380 0.250000
2846 11384 0.250000
2847 11388 0.250000
2848 11392 0.250000
2849 11396 0.250000
2850 11400 0.250000
2851 11404 0.250000
2852 11408 0.250000
2853 11412 0.250000
2854 11416 0.250000
2855 11420 0.250000
2856 11424 0.250000
2857 11428 0.250000
2858 11432 0.250000
2859 11436 0.250000
2860 11440 0.250000
2861 11444 0.250000
2862 11448 0.250000
2863 11452 0.250000
2864 11456 0.250000
2865 11460 0.250000
2866 11464 0.250000
2867 11468 0.250000
2868 11472 0.250000
2869 11476 0.250000
2870 11480 0.250000
2871 11484 0.250000
2872 11488 0.250000
2873 11492 0.250000
2874 11496 0.250000
2875 11500 0.250000
2876 11504 0.250000
2877 11508 0.250000
2878 11512 0.250000
2879 11516 0.250000
2880 11520 0.250000
2881 11524 0.250000
2882 11528 0.250000
2883 11532 0.250000
2884 11536 0.250000
2885 11540 0.250000
2886 11544 0.250000
2887 11548 0.250000
2888 11552 0.250000
2889 11556 0.250000
2890 11560 0.250000
2891 11564 0.250000
2892 11568 0.250000
2893 11572 0.250000
2894 11576 0.250000
2895 11580 0.250000
2896 11584 0.250000
2897 11588 0.250000
2898 11592 0.250000
2899 11596 0.250000
2900 11600 0.250000
2901 11604 0.250000
2902 11608 0.250000
2903 11612 0.250000
2904 11616 0.250000
2905 11620 0.250000
2906 11624 0.250000
2907 11628 0.250000
2908 11632 0.250000
2909 11636 0.250000
2910 11640 0.250000
2911 11644 0.250000
2912 11648 0.250000
2913 11652 0.250000
2914 11656 0.250000
2915 11660 0.250000
2916 11664 0.250000
2917 11668 0.250000
2918 11672 0.250000
2919 11676 0.250000
2920 11680 0.250000
2921 11684 0.250000
2922 11688 0.250000
2923 11692 0.250000
2924 11696 0.250000
2925 11700 0.250000
2926 11704 0.250000
2927 11708 0.250000
2928 11712 0.250000
2929 11716 0.250000
2930 11720 0.250000
2931 11724 0.250000
2932 11728 0.250000
2933 11732 0.250000
2934 11736 0.250000
2935 11740 0.250000
2936 11744 0.250000
2937 11748 0.250000
2938 11752 0.250000
2939 11756 0.250000
2940 11760 0.250000
2941 11764 0.250000
2942 11768 0.250000
2943 11772 0.250000
2944 11776 0.250000
2945 11780 0.250000
2946 11784 0.250000
2947 11788 0.250000
2948 11792 0.250000
2949 11796 0.250000
2950 11800 0.250000
2951 11804 0.250000
2952 11808 0.250000
2953 11812 0.250000
2954 11816 0.250000
2955 11820 0.250000
2956 11824 0.250000
2957 11828 0.250000
2958 11832 0.250000
2959 11836 0.250000
2960 11840 0.250000
2961 11844 0.250000
2962 11848 0.250000
2963 11852 0.250000
2964 11856 0.250000
2965 11860 0.250000
2966 11864 0.250000
2967 11868 0.250000
2968 11872 0.250000
2969 11876 0.250000
2970 11880 0.250000
2971 11884 0.250000
2972 11888 0.250000
2973 11892 0.250000
2974 11896 0.250000
2975 11900 0.250000
2976 11904 0.250000
2977 11908 0.250000
2978 11912 0.250000
2979 11916 0.250000
2980 11920 0.250000
2981 11924 0.250000
2982 11928 0.250000
2983 11932 0.250000
2984 11936 0.250000
2985 11940 0.250000
2986 11944 0.250000
2987 11948 0.250000
2988 11952 0.250000
2989 11956 0.250000
2990 11960 0.250000
2991 11964 0.250000
2992 11968 0.250000
2993 11972 0.250000
2994 11976 0.250000
2995 11980 0.250000
2996 11984 0.250000
2997 11988 0.250000
2998 11992 0.250000
2999 11996 0.250000
3000 12000 0.250000
3001 12004 0.250000
3002 12008 0.250000
3003 12012 0.250000
3004 12016 0.250000
3005 12020 0.250000
3006 12024 0.250000
3007 12028 0.250000
3008 12032 0.250000
3009 12036 0.250000
3010 12040 0.250000
3011 12044 0.250000
3012 12048 0.250000
3013 12052 0.250000
3014 12056 0.250000
3015 12060 0.250000
3016 12064 0.250000
3017 12068 0.250000
3018 12072 0.250000
3019 12076 0.250000
3020 12080 0.250000
3021 12084 0.250000
3022 12088 0.250000
3023 12092 0.250000
3024 12096 0.250000
3025 12100 0.250000
3026 12104 0.250000
3027 12108 0.250000
3028 12112 0.250000
3029 12116 0.250000
3030 12120 0.250000
3031 12124 0.250000
3032 12128 0.250000
3033 12132 0.250000
3034 12136 0.250000
3035 12140 0.250000
3036 12144 0.250000
3037 12148 0.250000
3038 12152 0.250000
3039 12156 0.250000
3040 12160 0.250000
3041 12164 0.250000
3042 12168 0.250000
3043 12172 0.250000
3044 12176 0.250000
3045 12180 0.250000
3046 12184 0.250000
3047 12188 0.250000
3048 12192 0.250000
3049 12196 0.250000
3050 12200 0.250000
3051 12204 0.250000
3052 12208 0.250000
3053 12212 0.250000
3054 12216 0.250000
3055 12220 0.250000
3056 12224 0.250000
3057 12228 0.250000
3058 12232 0.250000
3059 12236 0.250000
3060 12240 0.250000
3061 12244 0.250000
3062 12248 0.250000
3063 12252 0.250000
3064 12256 0.250000
3065 12260 0.250000
3066 12264 0.250000
3067 12268 0.250000
3068 12272 0.250000
3069 12276 0.250000
3070 12280 0.250000
3071 12284 0.250000
3072 12288 0.250000
3073 12292 0.250000
3074 12296 0.250000
3075 12300 0.250000
3076 12304 0.250000
3077 12308 0.250000
3078 12312 0.250000
3079 12316 0.250000
3080 12320 0.250000
3081 12324 0.250000
3082 12328 0.250000
3083 12332 0.250000
3084 12336 0.250000
3085 12340 0.250000
3086 12344 0.250000
3087 12348 0.250000
3088 12352 0.250000
3089 12356 0.250000
3090 12360 0.250000
3091 12364 0.250000
3092 12368 0.250000
3093 12372 0.250000
3094 12376 0.250000
3095 12380 0.250000
3096 12384 0.250000
3097 12388 0.250000
3098 12392 0.250000
3099 12396 0.250000
3100 12400 0.250000
3101 12404 0.250000
3102 12408 0.250000
3103 12412 0.250000
3104 12416 0.250000
3105 12420 0.250000
3106 12424 0.250000
3107 12428 0.250000
3108 12432 0.250000
3109 12436 0.250000
3110 12440 0.250000
3111 12444 0.250000
3112 12448 0.250000
3113 12452 0.250000
3114 12456 0.250000
3115 12460 0.250000
3116 12464 0.250000
3117 12468 0.250000
3118 12472 0.250000
3119 12476 0.250000
3120 12480 0.250000
3121 12484 0.250000
3122 12488 0.250000
3123 12492 0.250000
3124 12496 0.250000
3125 12500 0.250000
3126 12504 0.250000
3127 12508 0.250000
3128 12512 0.250000
3129 12516 0.250000
3130 12520 0.250000
3131 12524 0.250000
3132 12528 0.250000
3133 12532 0.250000
3134 12536 0.250000
3135 12540 0.250000
3136 12544 0.250000
3137 12548 0.250000
3138 12552 0.250000
3139 12556 0.250000
3140 12560 0.250000
3141 12564 0.250000
3142 12568 0.250000
3143 12572 0.250000
3144 12576 0.250000
3145 12580 0.250000
3146 12584 0.250000
3147 12588 0.250000
3148 12592 0.250000
3149 12596 0.250000
3150 12600 0.250000
3151 12604 0.250000
3152 12608 0.250000
3153 12612 0.250000
3154 12616 0.250000
3155 12620 0.250000
3156 12624 0.250000
3157 12628 0.250000
3158 12632 0.250000
3159 12636 0.250000
3160 12640 0.250000
3161 12644 0.250000
3162 12648 0.250000
3163 12652 0.250000
3164 12656 0.250000
3165 12660 0.250000
3166 12664 0.250000
3167 12668 0.250000
3168 12672 0.250000
3169 12676 0.250000
3170 12680 0.250000
3171 12684 0.250000
3172 12688 0.250000
3173 12692 0.250000
3174 12696 0.250000
3175 12700 0.250000
3176 12704 0.250000
3177 12708 0.250000
3178 12712 0.250000
3179 12716 0.250000
3180 12720 0.250000
3181 12724 0.250000
3182 12728 0.250000
3183 12732 0.250000
3184 12736 0.250000
3185 12740 0.250000
3186 12744 0.250000
3187 12748 0.250000
3188 12752 0.250000
3189 12756 0.250000
3190 12760 0.250000
3191 12764 0.250000
3192 12768 0.250000
3193 12772 0.250000
3194 12776 0.250000
3195 12780 0.250000
3196 12784 0.250000
3197 12788 0.250000
3198 12792 0.250000
3199 12796 0.250000
3200 12800 0.250000
3201 12804 0.250000
3202 12808 0.250000
3203 12812 0.250000
3204 12816 0.250000
3205 12820 0.250000
3206 12824 0.250000
3207 12828 0.250000
3208 12832 0.250000
3209 12836 0.250000
3210 12840 0.250000
3211 12844 0.250000
3212 12848 0.250000
3213 12852 0.250000
3214 12856 0.250000
3215 12860 0.250000
3216 12864 0.250000
3217 12868 0.250000
3218 12872 0.250000
3219 12876 0.250000
3220 12880 0.250000
3221 12884 0.250000
3222 12888 0.250000
3223 12892 0.250000
3224 12896 0.250000
3225 12900 0.250000
3226 12904 0.250000
3227 12908 0.250000
3228 12912 0.250000
3229 12916 0.250000
3230 12920 0.250000
3231 12924 0.250000
3232 12928 0.250000
3233 12932 0.250000
3234 12936 0.250000
3235 12940 0.250000
3236 12944 0.250000
3237 12948 0.250000
3238 12952 0.250000
3239 12956 0.250000
3240 12960 0.250000
3241 12964 0.250000
3242 12968 0.250000
3243 12972 0.250000
3244 12976 0.250000
3245 12980 0.250000
3246 12984 0.250000
3247 12988 0.250000
3248 12992 0.250000
3249 12996 0.250000
3250 13000 0.250000
3251 13004 0.250000
3252 13008 0.250000
3253 13012 0.250000
3254 13016 0.250000
3255 13020 0.250000
3256 13024 0.250000
3257 13028 0.250000
3258 13032 0.250000
3259 13036 0.250000
3260 13040 0.250000
3261 13044 0.250000
3262 13048 0.250000
3263 13052 0.250000
3264 13056 0.250000
3265 13060 0.250000
3266 13064 0.250000
3267 13068 0.250000
3268 13072 0.250000
3269 13076 0.250000
3270 13080 0.250000
3271 13084 0.250000
3272 13088 0.250000
3273 13092 0.250000
3274 13096 0.250000
3275 13100 0.250000
3276 13104 0.250000
3277 13108 0.250000
3278 13112 0.250000
3279 13116 0.250000
3280 13120 0.250000
3281 13124 0.250000
3282 13128 0.250000
3283 13132 0.250000
3284 13136 0.250000
3285 13140 0.250000
3286 13144 0.250000
3287 13148 0.250000
3288 13152 0.250000
3289 13156 0.250000
3290 13160 0.250000
3291 13164 0.250000
3292 13168 0.250000
3293 13172 0.250000
3294 13176 0.250000
3295 13180 0.250000
3296 13184 0.250000
3297 13188 0.250000
3298 13192 0.250000
3299 13196 0.250000
3300 13200 0.250000
3301 13204 0.250000
3302 13208 0.250000
3303 13212 0.250000
3304 13216 0.250000
3305 13220 0.250000
3306 13224 0.250000
3307 13228 0.250000
3308 13232 0.250000
3309 13236 0.250000
3310 13240 0.250000
3311 13244 0.250000
3312 13248 0.250000
3313 13252 0.250000
3314 13256 0.250000
3315 13260 0.250000
3316 13264 0.250000
3317 13268 0.250000
3318 13272 0.250000
3319 13276 0.250000
3320 13280 0.250000
3321 13284 0.250000
3322 13288 0.250000
3323 13292 0.250000
3324 13296 0.250000
3325 13300 0.250000
3326 13304 0.250000
3327 13308 0.250000
3328 13312 0.250000
3329 13316 0.250000
3330 13320 0.250000
3331 13324 0.250000
3332 13328 0.250000
3333 13332 0.250000
3334 13336 0.250000
3335 13340 0.250000
3336 13344 0.250000
3337 13348 0.250000
3338 13352 0.250000
3339 13356 0.250000
3340 13360 0.250000
3341 13364 0.250000
3342 13368 0.250000
3343 13372 0.250000
3344 13376 0.250000
3345 13380 0.250000
3346 13384 0.250000
3347 13388 0.250000
3348 13392 0.250000
3349 13396 0.250000
3350 13400 0.250000
3351 13404 0.250000
3352 13408 0.250000
3353 13412 0.250000
3354 13416 0.250000
3355 13420 0.250000
3356 13424 0.250000
3357 13428 0.250000
3358 13432 0.250000
3359 13436 0.250000
3360 13440 0.250000
3361 13444 0.250000
3362 13448 0.250000
3363 13452 0.250000
3364 13456 0.250000
3365 13460 0.250000
3366 13464 0.250000
3367 13468 0.250000
3368 13472 0.250000
3369 13476 0.250000
3370 13480 0.250000
3371 13484 0.250000
3372 13488 0.250000
3373 13492 0.250000
3374 13496 0.250000
3375 13500 0.250000
3376 13504 0.250000
3377 13508 0.250000
3378 13512 0.250000
3379 13516 0.250000
3380 13520 0.250000
3381 13524 0.250000
3382 13528 0.250000
3383 13532 0.250000
3384 13536 0.250000
3385 13540 0.250000
3386 13544 0.250000
3387 13548 0.250000
3388 13552 0.250000
3389 13556 0.250000
3390 13560 0.250000
3391 13564 0.250000
3392 13568 0.250000
3393 13572 0.250000
3394 13576 0.250000
3395 13580 0.250000
3396 13584 0.250000
3397 13588 0.250000
3398 13592 0.250000
3399 13596 0.250000
3400 13600 0.250000
3401 13604 0.250000
3402 13608 0.250000
3403 13612 0.250000
3404 13616 0.250000
3405 13620 0.250000
3406 13624 0.250000
3407 13628 0.250000
3408 13632 0.250000
3409 13636 0.250000
3410 13640 0.250000
3411 13644 0.250000
3412 13648 0.250000
3413 13652 0.250000
3414 13656 0.250000
3415 13660 0.250000
3416 13664 0.250000
3417 13668 0.250000
3418 13672 0.250000
3419 13676 0.250000
3420 13680 0.250000
3421 13684 0.250000
3422 13688 0.250000
3423 13692 0.250000
3424 13696 0.250000
3425 13700 0.250000
3426 13704 0.250000
3427 13708 0.250000
3428 13712 0.250000
3429 13716 0.250000
3430 13720 0.250000
3431 13724 0.250000
3432 13728 0.250000
3433 13732 0.250000
3434 13736 0.250000
3435 13740 0.250000
3436 13744 0.250000
3437 13748 0.250000
3438 13752 0.250000
3439 13756 0.250000
3440 13760 0.250000
3441 13764 0.250000
3442 13768 0.250000
3443 13772 0.250000
3444 13776 0.250000
3445 13780 0.250000
3446 13784 0.250000
3447 13788 0.250000
3448 13792 0.250000
3449 13796 0.250000
3450 13800 0.250000
3451 13804 0.250000
3452 13808 0.250000
3453 13812 0.250000
3454 13816 0.250000
3455 13820 0.250000
3456 13824 0.250000
3457 13828 0.250000
3458 13832 0.250000
3459 13836 0.250000
3460 13840 0.250000
3461 13844 0.250000
3462 13848 0.250000
3463 13852 0.250000
3464 13856 0.250000
3465 13860 0.250000
3466 13864 0.250000
3467 13868 0.250000
3468 13872 0.250000
3469 13876 0.250000
3470 13880 0.250000
3471 13884 0.250000
3472 13888 0.250000
3473 13892 0.250000
3474 13896 0.250000
3475 13900 0.250000
3476 13904 0.250000
3477 13908 0.250000
3478 13912 0.250000
3479 13916 0.250000
3480 13920 0.250000
3481 13924 0.250000
3482 13928 0.250000
3483 13932 0.250000
3484 13936 0.250000
3485 13940 0.250000
3486 13944 0.250000
3487 13948 0.250000
3488 13952 0.250000
3489 13956 0.250000
3490 13960 0.250000
3491 13964 0.250000
3492 13968 0.250000
3493 13972 0.250000
3494 13976 0.250000
3495 13980 0.250000
3496 13984 0.250000
3497 13988 0.250000
3498 13992 0.250000
3499 13996 0.250000
3500 14000 0.250000
3501 14004 0.250000
3502 14008 0.250000
3503 14012 0.250000
3504 14016 0.250000
3505 14020 0.250000
3506 14024 0.250000
3507 14028 0.250000
3508 14032 0.250000
3509 14036 0.250000
3510 14040 0.250000
3511 14044 0.250000
3512 14048 0.250000
3513 14052 0.250000
3514 14056 0.250000
3515 14060 0.250000
3516 14064 0.250000
3517 14068 0.250000
3518 14072 0.250000
3519 14076 0.250000
3520 14080 0.250000
3521 14084 0.250000
3522 14088 0.250000
3523 14092 0.250000
3524 14096 0.250000
3525 14100 0.250000
3526 14104 0.250000
3527 14108 0.250000
3528 14112 0.250000
3529 14116 0.250000
3530 14120 0.250000
3531 14124 0.250000
3532 14128 0.250000
3533 14132 0.250000
3534 14136 0.250000
3535 14140 0.250000
3536 14144 0.250000
3537 14148 0.250000
3538 14152 0.250000
3539 14156 0.250000
3540 14160 0.250000
3541 14164 0.250000
3542 14168 0.250000
3543 14172 0.250000
3544 14176 0.250000
3545 14180 0.250000
3546 14184 0.250000
3547 14188 0.250000
3548 14192 0.250000
3549 14196 0.250000
3550 14200 0.250000
3551 14204 0.250000
3552 14208 0.250000
3553 14212 0.250000
3554 14216 0.250000
3555 14220 0.250000
3556 14224 0.250000
3557 14228 0.250000
3558 14232 0.250000
3559 14236 0.250000
3560 14240 0.250000
3561 14244 0.250000
3562 14248 0.250000
3563 14252 0.250000
3564 14256 0.250000
3565 14260 0.250000
3566 14264 0.250000
3567 14268 0.250000
3568 14272 0.250000
3569 14276 0.250000
3570 14280 0.250000
3571 14284 0.250000
3572 14288 0.250000
3573 14292 0.250000
3574 14296 0.250000
3575 14300 0.250000
3576 14304 0.250000
3577 14308 0.250000
3578 14312 0.250000
3579 14316 0.250000
3580 14320 0.250000
3581 14324 0.250000
3582 14328 0.250000
3583 14332 0.250000
3584 14336 0.250000
3585 14340 0.250000
3586 14344 0.250000
3587 14348 0.250000
3588 14352 0.250000
3589 14356 0.250000
3590 14360 0.250000
3591 14364 0.250000
3592 14368 0.250000
3593 14372 0.250000
3594 14376 0.250000
3595 14380 0.250000
3596 14384 0.250000
3597 14388 0.250000
3598 14392 0.250000
3599 14396 0.250000
3600 14400 0.250000
3601 14404 0.250000
3602 14408 0.250000
3603 14412 0.250000
3604 14416 0.250000
3605 14420 0.250000
3606 14424 0.250000
3607 14428 0.250000
3608 14432 0.250000
3609 14436 0.250000
3610 14440 0.250000
3611 14444 0.250000
3612 14448 0.250000
3613 14452 0.250000
3614 14456 0.250000
3615 14460 0.250000
3616 14464 0.250000
3617 14468 0.250000
3618 14472 0.250000
3619 14476 0.250000
3620 14480 0.250000
3621 14484 0.250000
3622 14488 0.250000
3623 14492 0.250000
3624 14496 0.250000
3625 14500 0.250000
3626 14504 0.250000
3627 14508 0.250000
3628 14512 0.250000
3629 14516 0.250000
3630 14520 0.250000
3631 14524 0.250000
3632 14528 0.250000
3633 14532 0.250000
3634 14536 0.250000
3635 14540 0.250000
3636 14544 0.250000
3637 14548 0.250000
3638 14552 0.250000
3639 14556 0.250000
3640 14560 0.250000
3641 14564 0.250000
3642 14568 0.250000
3643 14572 0.250000
3644 14576 0.250000
3645 14580 0.250000
3646 14584 0.250000
3647 14588 0.250000
3648 14592 0.250000
3649 14596 0.250000
3650 14600 0.250000
3651 14604 0.250000
3652 14608 0.250000
3653 14612 0.250000
3654 14616 0.250000
3655 14620 0.250000
3656 14624 0.250000
3657 14628 0.250000
3658 14632 0.250000
3659 14636 0.250000
3660 14640 0.250000
3661 14644 0.250000
3662 14648 0.250000
3663 14652 0.250000
3664 14656 0.250000
3665 14660 0.250000
3666 14664 0.250000
3667 14668 0.250000
3668 14672 0.250000
3669 14676 0.250000
3670 14680 0.250000
3671 14684 0.250000
3672 14688 0.250000
3673 14692 0.250000
3674 14696 0.250000
3675 14700 0.250000
3676 14704 0.250000
3677 14708 0.250000
3678 14712 0.250000
3679 14716 0.250000
3680 14720 0.250000
3681 14724 0.250000
3682 14728 0.250000
3683 14732 0.250000
3684 14736 0.250000
3685 14740 0.250000
3686 14744 0.250000
3687 14748 0.250000
3688 14752 0.250000
3689 14756 0.250000
3690 14760 0.250000
3691 14764 0.250000
3692 14768 0.250000
3693 14772 0.250000
3694 14776 0.250000
3695 14780 0.250000
3696 14784 0.250000
3697 14788 0.250000
3698 14792 0.250000
3699 14796 0.250000
3700 14800 0.250000
3701 14804 0.250000
3702 14808 0.250000
3703 14812 0.250000
3704 14816 0.250000
3705 14820 0.250000
3706 14824 0.250000
3707 14828 0.250000
3708 14832 0.250000
3709 14836 0.250000
3710 14840 0.250000
3711 14844 0.250000
3712 14848 0.250000
3713 14852 0.250000
3714 14856 0.250000
3715 14860 0.250000
3716 14864 0.250000
3717 14868 0.250000
3718 14872 0.250000
3719 14876 0.250000
3720 14880 0.250000
3721 14884 0.250000
3722 14888 0.250000
3723 14892 0.250000
3724 14896 0.250000
3725 14900 0.250000
3726 14904 0.250000
3727 14908 0.250000
3728 14912 0.250000
3729 14916 0.250000
3730 14920 0.250000
3731 14924 0.250000
3732 14928 0.250000
3733 14932 0.250000
3734 14936 0.250000
3735 14940 0.250000
3736 14944 0.250000
3737 14948 0.250000
3738 14952 0.250000
3739 14956 0.250000
3740 14960 0.250000
3741 14964 0.250000
3742 14968 0.250000
3743 14972 0.250000
3744 14976 0.250000
3745 14980 0.250000
3746 14984 0.250000
3747 14988 0.250000
3748 14992 0.250000
3749 14996 0.250000
3750 15000 0.250000
3751 15004 0.250000
3752 15008 0.250000
3753 15012 0.250000
3754 15016 0.250000
3755 15020 0.250000
3756 15024 0.250000
3757 15028 0.250000
3758 15032 0.250000
3759 15036 0.250000
3760 15040 0.250000
3761 15044 0.250000
3762 15048 0.250000
3763 15052 0.250000
3764 15056 0.250000
3765 15060 0.250000
3766 15064 0.250000
3767 15068 0.250000
3768 15072 0.250000
3769 15076 0.250000
3770 15080 0.250000
3771 15084 0.250000
3772 15088 0.250000
3773 15092 0.250000
3774 15096 0.250000
3775 15100 0.250000
3776 15104 0.250000
3777 15108 0.250000
3778 15112 0.250000
3779 15116 0.250000
3780 15120 0.250000
3781 15124 0.250000
3782 15128 0.250000
3783 15132 0.250000
3784 15136 0.250000
3785 15140 0.250000
3786 15144 0.250000
3787 15148 0.250000
3788 15152 0.250000
3789 15156 0.250000
3790 15160 0.250000
3791 15164 0.250000
3792 15168 0.250000
3793 15172 0.250000
3794 15176 0.250000
3795 15180 0.250000
3796 15184 0.250000
3797 15188 0.250000
3798 15192 0.250000
3799 15196 0.250000
3800 15200 0.250000
3801 15204 0.250000
3802 15208 0.250000
3803 15212 0.250000
3804 15216 0.250000
3805 15220 0.250000
3806 15224 0.250000
3807 15228 0.250000
3808 15232 0.250000
3809 15236 0.250000
3810 15240 0.250000
3811 15244 0.250000
3812 15248 0.250000
3813 15252 0.250000
3814 15256 0.250000
3815 15260 0.250000
3816 15264 0.250000
3817 15268 0.250000
3818 15272 0.250000
3819 15276 0.250000
3820 15280 0.250000
3821 15284 0.250000
3822 15288 0.250000
3823 15292 0.250000
3824 15296 0.250000
3825 15300 0.250000
3826 15304 0.250000
3827 15308 0.250000
3828 15312 0.250000
3829 15316 0.250000
3830 15320 0.250000
3831 15324 0.250000
3832 15328 0.250000
3833 15332 0.250000
3834 15336 0.250000
3835 15340 0.250000
3836 15344 0.250000
3837 15348 0.250000
3838 15352 0.250000
3839 15356 0.250000
3840 15360 0.250000
3841 15364 0.250000
3842 15368 0.250000
3843 15372 0.250000
3844 15376 0.250000
3845 15380 0.250000
3846 15384 0.250000
3847 15388 0.250000
3848 15392 0.250000
3849 15396 0.250000
3850 15400 0.250000
3851 15404 0.250000
3852 15408 0.250000
3853 15412 0.250000
3854 15416 0.250000
3855 15420 0.250000
3856 15424 0.250000
3857 15428 0.250000
3858 15432 0.250000
3859 15436 0.250000
3860 15440 0.250000
3861 15444 0.250000
3862 15448 0.250000
3863 15452 0.250000
3864 15456 0.250000
3865 15460 0.250000
3866 15464 0.250000
3867 15468 0.250000
3868 15472 0.250000
3869 15476 0.250000
3870 15480 0.250000
3871 15484 0.250000
3872 15488 0.250000
3873 15492 0.250000
3874 15496 0.250000
3875 15500 0.250000
3876 15504 0.250000
3877 15508 0.250000
3878 15512 0.250000
3879 15516 0.250000
3880 15520 0.250000
3881 15524 0.250000
3882 15528 0.250000
3883 15532 0.250000
3884 15536 0.250000
3885 15540 0.250000
3886 15544 0.250000
3887 15548 0.250000
3888 15552 0.250000
3889 15556 0.250000
3890 15560 0.250000
3891 15564 0.250000
3892 15568 0.250000
3893 15572 0.250000
3894 15576 0.250000
3895 15580 0.250000
3896 15584 0.250000
3897 15588 0.250000
3898 15592 0.250000
3899 15596 0.250000
3900 15600 0.250000
3901 15604 0.250000
3902 15608 0.250000
3903 15612 0.250000
3904 15616 0.250000
3905 15620 0.250000
3906 15624 0.250000
3907 15628 0.250000
3908 15632 0.250000
3909 15636 0.250000
3910 15640 0.250000
3911 15644 0.250000
3912 15648 0.250000
3913 15652 0.250000
3914 15656 0.250000
3915 15660 0.250000
3916 15664 0.250000
3917 15668 0.250000
3918 15672 0.250000
3919 15676 0.250000
3920 15680 0.250000
3921 15684 0.250000
3922 15688 0.250000
3923 15692 0.250000
3924 15696 0.250000
3925 15700 0.250000
3926 15704 0.250000
3927 15708 0.250000
3928 15712 0.250000
3929 15716 0.250000
3930 15720 0.250000
3931 15724 0.250000
3932 15728 0.250000
3933 15732 0.250000
3934 15736 0.250000
3935 15740 0.250000
3936 15744 0.250000
3937 15748 0.250000
3938 15752 0.250000
3939 15756 0.250000
3940 15760 0.250000
3941 15764 0.250000
3942 15768 0.250000
3943 15772 0.250000
3944 15776 0.250000
3945 15780 0.250000
3946 15784 0.250000
3947 15788 0.250000
3948 15792 0.250000
3949 15796 0.250000
3950 15800 0.250000
3951 15804 0.250000
3952 15808 0.250000
3953 15812 0.250000
3954 15816 0.250000
3955 15820 0.250000
3956 15824 0.250000
3957 15828 0.250000
3958 15832 0.250000
3959 15836 0.250000
3960 15840 0.250000
3961 15844 0.250000
3962 15848 0.250000
3963 15852 0.250000
3964 15856 0.250000
3965 15860 0.250000
3966 15864 0.250000
3967 15868 0.250000
3968 15872 0.250000
3969 15876 0.250000
3970 15880 0.250000
3971 15884 0.250000
3972 15888 0.250000
3973 15892 0.250000
3974 15896 0.250000
3975 15900 0.250000
3976 15904 0.250000
3977 15908 0.250000
3978 15912 0.250000
3979 15916 0.250000
3980 15920 0.250000
3981 15924 0.250000
3982 15928 0.250000
3983 15932 0.250000
3984 15936 0.250000
3985 15940 0.250000
3986 15944 0.250000
3987 15948 0.250000
3988 15952 0.250000
3989 15956 0.250000
3990 15960 0.250000
3991 15964 0.250000
3992 15968 0.250000
3993 15972 0.250000
3994 15976 0.250000
3995 15980 0.250000
3996 15984 0.250000
3997 15988 0.250000
3998 15992 0.250000
3999 15996 0.250000
4000 16000 0.250000
4001 16004 0.250000
4002 16008 0.250000
4003 16012 0.250000
4004 16016 0.250000
4005 16020 0.250000
4006 16024 0.250000
4007 16028 0.250000
4008 16032 0.250000
4009 16036 0.250000
4010 16040 0.250000
4011 16044 0.250000
4012 16048 0.250000
4013 16052 0.250000
4014 16056 0.250000
4015 16060 0.250000
4016 16064 0.250000
4017 16068 0.250000
4018 16072 0.250000
4019 16076 0.250000
4020 16080 0.250000
4021 16084 0.250000
4022 16088 0.250000
4023 16092 0.250000
4024 16096 0.250000
4025 16100 0.250000
4026 16104 0.250000
4027 16108 0.250000
4028 16112 0.250000
4029 16116 0.250000
4030 16120 0.250000
4031 16124 0.250000
4032 16128 0.250000
4033 16132 0.250000
4034 16136 0.250000
4035 16140 0.250000
4036 16144 0.250000
4037 16148 0.250000
4038 16152 0.250000
4039 16156 0.250000
4040 16160 0.250000
4041 16164 0.250000
4042 16168 0.250000
4043 16172 0.250000
4044 16176 0.250000
4045 16180 0.250000
4046 16184 0.250000
4047 16188 0.250000
4048 16192 0.250000
4049 16196 0.250000
4050 16200 0.250000
4051 16204 0.250000
4052 16208 0.250000
4053 16212 0.250000
4054 16216 0.250000
4055 16220 0.250000
4056 16224 0.250000
4057 16228 0.250000
4058 16232 0.250000
4059 16236 0.250000
4060 16240 0.250000
4061 16244 0.250000
4062 16248 0.250000
4063 16252 0.250000
4064 16256 0.250000
4065 16260 0.250000
4066 16264 0.250000
4067 16268 0.250000
4068 16272 0.250000
4069 16276 0.250000
4070 16280 0.250000
4071 16284 0.250000
4072 16288 0.250000
4073 16292 0.250000
4074 16296 0.250000
4075 16300 0.250000
4076 16304 0.250000
4077 16308 0.250000
4078 16312 0.250000
4079 16316 0.250000
4080 16320 0.250000
4081 16324 0.250000
4082 16328 0.250000
4083 16332 0.250000
4084 16336 0.250000
4085 16340 0.250000
4086 16344 0.250000
4087 16348 0.250000
4088 16352 0.250000
4089 16356 0.250000
4090 16360 0.250000
4091 16364 0.250000
4092 16368 0.250000
4093 16372 0.250000
4094 16376 0.250000
4095 16380 0.250000
